97.00621827103005 1
75.41365377975798 2
69.23329839716573 3
52.47064267769153 4
90.93042957131274 5
84.19144823833156 6
86.45615198627324 7
49.84213216643562 8
77.82804841660541 9
68.45441656158076 10
81.1519161221659 11
73.47932689269018 12
64.91839383654985 13
76.08692454360093 14
65.75086748080801 15
53.81183203906218 16
63.24898023565636 17
84.7003192820844 18
70.43324126404619 19
63.46829855373474 20
57.33732098181979 21
46.3110061354515 22
53.41517164037341 23
57.41157334590457 24
61.207033089979305 25
51.32788525585468 26
36.95449317268796 27
36.36134511188726 28
40.01709295447399 29
36.37532598682814 30
29.815499897952392 31
34.815927631195805 32
53.540427811696645 33
20.122783572988922 34
32.28351190108663 35
37.00506463601518 36
39.16926886730958 37
31.808502288214054 38
29.199475173263227 39
19.689693691099425 40
44.171531839482434 41
18.36574425647849 42
20.16923290415046 43
45.103127459639545 44
57.008618502782454 45
23.705468501294263 46
56.99809007314977 47
58.28916391471081 48
42.85879979634865 49
44.02772925555935 50
20.980515845276514 51
46.787735692467756 52
39.95005975199655 53
24.8433207159085 54
38.728319157216504 55
44.050470601585396 56
40.94603070823726 57
44.463079090336265 58
39.660134854597565 59
39.03097306193905 60
56.1999926080532 61
44.583654873417984 62
29.864517909400742 63
35.89232070662814 64
28.02411754499935 65
32.47477201378503 66
35.06357239271588 67
24.984444885367903 68
25.322352261837636 69
30.593656951334896 70
28.414070593610198 71
30.218525013344752 72
23.20727102454107 73
30.49219500625837 74
26.371615578220943 75
58.8977090352984 76
121.5817390405772 77
112.5249919071171 78
102.6778506279401 79
95.28986130022167 80
83.15166641396354 81
66.24953018198897 82
