1.000000000000000000e+00 0.000000000000000000e+00 6.751573936055845593e+01
1.000000000000000000e+00 1.000000000000000000e+00 6.385218929860588588e+01
1.000000000000000000e+00 2.000000000000000000e+00 7.995053414633633793e+01
1.000000000000000000e+00 3.000000000000000000e+00 7.905841871569715806e+01
1.000000000000000000e+00 4.000000000000000000e+00 7.391417920571298339e+01
1.000000000000000000e+00 5.000000000000000000e+00 7.561818432389684119e+01
1.000000000000000000e+00 6.000000000000000000e+00 5.590235171414033033e+01
1.000000000000000000e+00 7.000000000000000000e+00 6.171203156155975478e+01
2.000000000000000000e+00 0.000000000000000000e+00 6.224720059648407045e+01
2.000000000000000000e+00 1.000000000000000000e+00 6.027624099271896796e+01
2.000000000000000000e+00 2.000000000000000000e+00 7.382121530563505019e+01
2.000000000000000000e+00 3.000000000000000000e+00 7.306958997457908822e+01
2.000000000000000000e+00 4.000000000000000000e+00 7.619289414997813026e+01
2.000000000000000000e+00 5.000000000000000000e+00 7.686729713644299977e+01
2.000000000000000000e+00 6.000000000000000000e+00 6.321437963782786085e+01
2.000000000000000000e+00 7.000000000000000000e+00 6.724568826877724348e+01
3.000000000000000000e+00 0.000000000000000000e+00 5.582354978983544669e+01
3.000000000000000000e+00 1.000000000000000000e+00 5.240594113743976834e+01
3.000000000000000000e+00 2.000000000000000000e+00 6.242703043736717206e+01
3.000000000000000000e+00 3.000000000000000000e+00 6.211178194520925899e+01
3.000000000000000000e+00 4.000000000000000000e+00 6.207985484675576515e+01
3.000000000000000000e+00 5.000000000000000000e+00 6.724425518433595528e+01
3.000000000000000000e+00 6.000000000000000000e+00 6.185976156895649325e+01
3.000000000000000000e+00 7.000000000000000000e+00 5.963821010382915233e+01
4.000000000000000000e+00 0.000000000000000000e+00 5.090194232147332087e+01
4.000000000000000000e+00 1.000000000000000000e+00 4.229309113917678786e+01
4.000000000000000000e+00 2.000000000000000000e+00 5.193133576979338528e+01
4.000000000000000000e+00 3.000000000000000000e+00 5.287121024040320094e+01
4.000000000000000000e+00 4.000000000000000000e+00 6.193220579532662384e+01
4.000000000000000000e+00 5.000000000000000000e+00 5.179244083808915633e+01
4.000000000000000000e+00 6.000000000000000000e+00 5.098503962774153564e+01
4.000000000000000000e+00 7.000000000000000000e+00 5.519810316355082591e+01
5.000000000000000000e+00 0.000000000000000000e+00 5.195980204511823075e+01
5.000000000000000000e+00 1.000000000000000000e+00 4.783422954315623343e+01
5.000000000000000000e+00 2.000000000000000000e+00 5.475169078238086229e+01
5.000000000000000000e+00 3.000000000000000000e+00 4.985341434059272814e+01
5.000000000000000000e+00 4.000000000000000000e+00 5.382403342113580891e+01
5.000000000000000000e+00 5.000000000000000000e+00 4.693426426928096618e+01
5.000000000000000000e+00 6.000000000000000000e+00 5.243655214860076796e+01
5.000000000000000000e+00 7.000000000000000000e+00 4.552993752578759512e+01
6.000000000000000000e+00 0.000000000000000000e+00 3.438050484972205822e+01
6.000000000000000000e+00 1.000000000000000000e+00 2.876461568722258022e+01
6.000000000000000000e+00 2.000000000000000000e+00 2.914966261845701823e+01
6.000000000000000000e+00 3.000000000000000000e+00 2.414670177324045852e+01
6.000000000000000000e+00 4.000000000000000000e+00 2.474886202836911409e+01
6.000000000000000000e+00 5.000000000000000000e+00 2.683975815489148076e+01
6.000000000000000000e+00 6.000000000000000000e+00 2.819358612159662769e+01
6.000000000000000000e+00 7.000000000000000000e+00 2.792565200293669747e+01
7.000000000000000000e+00 0.000000000000000000e+00 3.244901879728858773e+01
7.000000000000000000e+00 1.000000000000000000e+00 2.045884820654062608e+01
7.000000000000000000e+00 2.000000000000000000e+00 2.604520709294273928e+01
7.000000000000000000e+00 3.000000000000000000e+00 2.849638318489446220e+01
7.000000000000000000e+00 4.000000000000000000e+00 2.484211091232011626e+01
7.000000000000000000e+00 5.000000000000000000e+00 2.795968382518780260e+01
7.000000000000000000e+00 6.000000000000000000e+00 2.227582534523640589e+01
7.000000000000000000e+00 7.000000000000000000e+00 2.428168604991959612e+01
8.000000000000000000e+00 0.000000000000000000e+00 1.943413899283795843e+01
8.000000000000000000e+00 1.000000000000000000e+00 2.227876988383302148e+01
8.000000000000000000e+00 2.000000000000000000e+00 2.459070345929146129e+01
8.000000000000000000e+00 3.000000000000000000e+00 2.382686821321853543e+01
8.000000000000000000e+00 4.000000000000000000e+00 2.495677701222779987e+01
8.000000000000000000e+00 5.000000000000000000e+00 1.990074393001591346e+01
8.000000000000000000e+00 6.000000000000000000e+00 2.059944278966697695e+01
8.000000000000000000e+00 7.000000000000000000e+00 2.337786469309454418e+01
9.000000000000000000e+00 0.000000000000000000e+00 6.777361295874487723e+01
9.000000000000000000e+00 1.000000000000000000e+00 7.011208719129808742e+01
9.000000000000000000e+00 2.000000000000000000e+00 6.757340035649640697e+01
9.000000000000000000e+00 3.000000000000000000e+00 7.923343856268928675e+01
9.000000000000000000e+00 4.000000000000000000e+00 6.066211992789543217e+01
9.000000000000000000e+00 5.000000000000000000e+00 7.014480230543524897e+01
9.000000000000000000e+00 6.000000000000000000e+00 5.322143551325260802e+01
9.000000000000000000e+00 7.000000000000000000e+00 5.862315487188931229e+01
1.000000000000000000e+01 0.000000000000000000e+00 6.596463097078009241e+01
1.000000000000000000e+01 1.000000000000000000e+00 6.491979996257585128e+01
1.000000000000000000e+01 2.000000000000000000e+00 6.542224199323892719e+01
1.000000000000000000e+01 3.000000000000000000e+00 7.496508400343475387e+01
1.000000000000000000e+01 4.000000000000000000e+00 6.373173292395805589e+01
1.000000000000000000e+01 5.000000000000000000e+00 6.167537081984045955e+01
1.000000000000000000e+01 6.000000000000000000e+00 5.188750848052168152e+01
1.000000000000000000e+01 7.000000000000000000e+00 5.593399566753316776e+01
1.100000000000000000e+01 0.000000000000000000e+00 5.961620071876235016e+01
1.100000000000000000e+01 1.000000000000000000e+00 6.376302290672180817e+01
1.100000000000000000e+01 2.000000000000000000e+00 5.849620472991448139e+01
1.100000000000000000e+01 3.000000000000000000e+00 6.755148684057130026e+01
1.100000000000000000e+01 4.000000000000000000e+00 5.575597506131413184e+01
1.100000000000000000e+01 5.000000000000000000e+00 6.150963128629378218e+01
1.100000000000000000e+01 6.000000000000000000e+00 4.615559806630052719e+01
1.100000000000000000e+01 7.000000000000000000e+00 5.414024573823145658e+01
1.200000000000000000e+01 0.000000000000000000e+00 5.931513916795940844e+01
1.200000000000000000e+01 1.000000000000000000e+00 6.105518722766429818e+01
1.200000000000000000e+01 2.000000000000000000e+00 5.692235308236050884e+01
1.200000000000000000e+01 3.000000000000000000e+00 6.944140259162401208e+01
1.200000000000000000e+01 4.000000000000000000e+00 5.877439944832225649e+01
1.200000000000000000e+01 5.000000000000000000e+00 6.608383337707395810e+01
1.200000000000000000e+01 6.000000000000000000e+00 4.941385464460439891e+01
1.200000000000000000e+01 7.000000000000000000e+00 5.708629558457246844e+01
1.300000000000000000e+01 0.000000000000000000e+00 4.208845089147354912e+01
1.300000000000000000e+01 1.000000000000000000e+00 4.869625556487969220e+01
1.300000000000000000e+01 2.000000000000000000e+00 3.970987375446088663e+01
1.300000000000000000e+01 3.000000000000000000e+00 5.063154950937494903e+01
1.300000000000000000e+01 4.000000000000000000e+00 3.606463043894460441e+01
1.300000000000000000e+01 5.000000000000000000e+00 4.577633815756212954e+01
1.300000000000000000e+01 6.000000000000000000e+00 3.361855677735331938e+01
1.300000000000000000e+01 7.000000000000000000e+00 4.119847493170669850e+01
1.400000000000000000e+01 0.000000000000000000e+00 1.877462562264584278e+01
1.400000000000000000e+01 1.000000000000000000e+00 1.516871498681040542e+01
1.400000000000000000e+01 2.000000000000000000e+00 1.974253776073395272e+01
1.400000000000000000e+01 3.000000000000000000e+00 1.718708229154593425e+01
1.400000000000000000e+01 4.000000000000000000e+00 1.867458118334459272e+01
1.400000000000000000e+01 5.000000000000000000e+00 1.652158445255646058e+01
1.400000000000000000e+01 6.000000000000000000e+00 1.654152813417679369e+01
1.400000000000000000e+01 7.000000000000000000e+00 1.465511738729327185e+01
1.500000000000000000e+01 0.000000000000000000e+00 4.459805479755186752e+01
1.500000000000000000e+01 1.000000000000000000e+00 4.472724016709125294e+01
1.500000000000000000e+01 2.000000000000000000e+00 4.345796848930142176e+01
1.500000000000000000e+01 3.000000000000000000e+00 5.278608816233089840e+01
1.500000000000000000e+01 4.000000000000000000e+00 4.183792967053628331e+01
1.500000000000000000e+01 5.000000000000000000e+00 5.905526505907661061e+01
1.500000000000000000e+01 6.000000000000000000e+00 3.361714937032999018e+01
1.500000000000000000e+01 7.000000000000000000e+00 5.649992063147536925e+01
1.600000000000000000e+01 0.000000000000000000e+00 6.707734849639930985e+01
1.600000000000000000e+01 1.000000000000000000e+00 6.978285795884919196e+01
1.600000000000000000e+01 2.000000000000000000e+00 6.706428853781541477e+01
1.600000000000000000e+01 3.000000000000000000e+00 7.735626230968409800e+01
1.600000000000000000e+01 4.000000000000000000e+00 7.243092041366524825e+01
1.600000000000000000e+01 5.000000000000000000e+00 7.541262142680044178e+01
1.600000000000000000e+01 6.000000000000000000e+00 6.154950375292442288e+01
1.600000000000000000e+01 7.000000000000000000e+00 6.878803925248377027e+01
1.700000000000000000e+01 0.000000000000000000e+00 6.026562593326255524e+01
1.700000000000000000e+01 1.000000000000000000e+00 5.504768883020960146e+01
1.700000000000000000e+01 2.000000000000000000e+00 5.150188781288587592e+01
1.700000000000000000e+01 3.000000000000000000e+00 6.967113061060146606e+01
1.700000000000000000e+01 4.000000000000000000e+00 6.686179198702619431e+01
1.700000000000000000e+01 5.000000000000000000e+00 7.098332674946384202e+01
1.700000000000000000e+01 6.000000000000000000e+00 6.002203829018918668e+01
1.700000000000000000e+01 7.000000000000000000e+00 6.754179411870121896e+01
1.800000000000000000e+01 0.000000000000000000e+00 5.497551476988319763e+01
1.800000000000000000e+01 1.000000000000000000e+00 5.078898422712745031e+01
1.800000000000000000e+01 2.000000000000000000e+00 6.287704903107299970e+01
1.800000000000000000e+01 3.000000000000000000e+00 6.878922773875422081e+01
1.800000000000000000e+01 4.000000000000000000e+00 7.314350902137483956e+01
1.800000000000000000e+01 5.000000000000000000e+00 7.320242306304288604e+01
1.800000000000000000e+01 6.000000000000000000e+00 6.543451404385071157e+01
1.800000000000000000e+01 7.000000000000000000e+00 6.837655757393279998e+01
1.900000000000000000e+01 0.000000000000000000e+00 5.392159574462966987e+01
1.900000000000000000e+01 1.000000000000000000e+00 4.554472412902476464e+01
1.900000000000000000e+01 2.000000000000000000e+00 5.865859074197750544e+01
1.900000000000000000e+01 3.000000000000000000e+00 6.285732774763141606e+01
1.900000000000000000e+01 4.000000000000000000e+00 6.968847008506394047e+01
1.900000000000000000e+01 5.000000000000000000e+00 6.562124571366078385e+01
1.900000000000000000e+01 6.000000000000000000e+00 6.913376933547384340e+01
1.900000000000000000e+01 7.000000000000000000e+00 6.678692674406967456e+01
2.000000000000000000e+01 0.000000000000000000e+00 4.851931551177987956e+01
2.000000000000000000e+01 1.000000000000000000e+00 4.641325228294188321e+01
2.000000000000000000e+01 2.000000000000000000e+00 4.943553725390073339e+01
2.000000000000000000e+01 3.000000000000000000e+00 5.530227006350441599e+01
2.000000000000000000e+01 4.000000000000000000e+00 6.162880991225510741e+01
2.000000000000000000e+01 5.000000000000000000e+00 6.098790527736777989e+01
2.000000000000000000e+01 6.000000000000000000e+00 6.392699480069303775e+01
2.000000000000000000e+01 7.000000000000000000e+00 6.050857874786528612e+01
2.100000000000000000e+01 0.000000000000000000e+00 5.837016352708776878e+01
2.100000000000000000e+01 1.000000000000000000e+00 5.725677161677702287e+01
2.100000000000000000e+01 2.000000000000000000e+00 5.433751213851814299e+01
2.100000000000000000e+01 3.000000000000000000e+00 6.128285748849485515e+01
2.100000000000000000e+01 4.000000000000000000e+00 6.335587520226083313e+01
2.100000000000000000e+01 5.000000000000000000e+00 6.909175357112698634e+01
2.100000000000000000e+01 6.000000000000000000e+00 6.151291085397411251e+01
2.100000000000000000e+01 7.000000000000000000e+00 6.279650515127904953e+01
2.200000000000000000e+01 0.000000000000000000e+00 5.816358775689902672e+01
2.200000000000000000e+01 1.000000000000000000e+00 5.658409819777954652e+01
2.200000000000000000e+01 2.000000000000000000e+00 5.895348456656212477e+01
2.200000000000000000e+01 3.000000000000000000e+00 6.110036286686140983e+01
2.200000000000000000e+01 4.000000000000000000e+00 6.635937072155626026e+01
2.200000000000000000e+01 5.000000000000000000e+00 6.209619805364244627e+01
2.200000000000000000e+01 6.000000000000000000e+00 5.835559571170306015e+01
2.200000000000000000e+01 7.000000000000000000e+00 3.027361681237762525e+01
2.300000000000000000e+01 0.000000000000000000e+00 5.381607917616636172e+01
2.300000000000000000e+01 1.000000000000000000e+00 5.745674937916379577e+01
2.300000000000000000e+01 2.000000000000000000e+00 5.141893661547715055e+01
2.300000000000000000e+01 3.000000000000000000e+00 6.043314891180464343e+01
2.300000000000000000e+01 4.000000000000000000e+00 6.156145510556919476e+01
2.300000000000000000e+01 5.000000000000000000e+00 5.591124486100920166e+01
2.300000000000000000e+01 6.000000000000000000e+00 5.679852006622734706e+01
2.300000000000000000e+01 7.000000000000000000e+00 5.467556543265101254e+01
2.400000000000000000e+01 0.000000000000000000e+00 4.869261304586490979e+01
2.400000000000000000e+01 1.000000000000000000e+00 4.353413268859377183e+01
2.400000000000000000e+01 2.000000000000000000e+00 4.191888331193543138e+01
2.400000000000000000e+01 3.000000000000000000e+00 3.835189205677004054e+01
2.400000000000000000e+01 4.000000000000000000e+00 4.040610122250264169e+01
2.400000000000000000e+01 5.000000000000000000e+00 4.157892709934564834e+01
2.400000000000000000e+01 6.000000000000000000e+00 3.524953299866595557e+01
2.400000000000000000e+01 7.000000000000000000e+00 3.771511110446199666e+01
2.500000000000000000e+01 0.000000000000000000e+00 4.400839246715175790e+01
2.500000000000000000e+01 1.000000000000000000e+00 4.015817452150044176e+01
2.500000000000000000e+01 2.000000000000000000e+00 3.600286260646279857e+01
2.500000000000000000e+01 3.000000000000000000e+00 3.906091461249761920e+01
2.500000000000000000e+01 4.000000000000000000e+00 3.819629421645343115e+01
2.500000000000000000e+01 5.000000000000000000e+00 3.391533105348121779e+01
2.500000000000000000e+01 6.000000000000000000e+00 3.313508019491693091e+01
2.500000000000000000e+01 7.000000000000000000e+00 3.293825588562751960e+01
2.600000000000000000e+01 0.000000000000000000e+00 4.100783197911913902e+01
2.600000000000000000e+01 1.000000000000000000e+00 3.844841296088748095e+01
2.600000000000000000e+01 2.000000000000000000e+00 3.513435415804296724e+01
2.600000000000000000e+01 3.000000000000000000e+00 3.933316870380389929e+01
2.600000000000000000e+01 4.000000000000000000e+00 3.328685730548168920e+01
2.600000000000000000e+01 5.000000000000000000e+00 3.288004022932292258e+01
2.600000000000000000e+01 6.000000000000000000e+00 2.861989893003190133e+01
2.600000000000000000e+01 7.000000000000000000e+00 2.966545933607312335e+01
2.700000000000000000e+01 0.000000000000000000e+00 3.659265918922316274e+01
2.700000000000000000e+01 1.000000000000000000e+00 3.097775298703307811e+01
2.700000000000000000e+01 2.000000000000000000e+00 3.247255070160167634e+01
2.700000000000000000e+01 3.000000000000000000e+00 3.287997700581584581e+01
2.700000000000000000e+01 4.000000000000000000e+00 3.080570734900520691e+01
2.700000000000000000e+01 5.000000000000000000e+00 2.806750689575455127e+01
2.700000000000000000e+01 6.000000000000000000e+00 2.901937888803752941e+01
2.700000000000000000e+01 7.000000000000000000e+00 2.661932802089198091e+01
2.800000000000000000e+01 0.000000000000000000e+00 3.779947361094686897e+01
2.800000000000000000e+01 1.000000000000000000e+00 4.611770378060288067e+01
2.800000000000000000e+01 2.000000000000000000e+00 3.370492577186703187e+01
2.800000000000000000e+01 3.000000000000000000e+00 5.551452930338511749e+01
2.800000000000000000e+01 4.000000000000000000e+00 4.348083503733086275e+01
2.800000000000000000e+01 5.000000000000000000e+00 5.700419036370776382e+01
2.800000000000000000e+01 6.000000000000000000e+00 4.407442269577327920e+01
2.800000000000000000e+01 7.000000000000000000e+00 5.894383774848719781e+01
2.900000000000000000e+01 0.000000000000000000e+00 6.173234396363385912e+01
2.900000000000000000e+01 1.000000000000000000e+00 6.566019706553342417e+01
2.900000000000000000e+01 2.000000000000000000e+00 6.386050991960219392e+01
2.900000000000000000e+01 3.000000000000000000e+00 7.574490217907259648e+01
2.900000000000000000e+01 4.000000000000000000e+00 7.114892541466868181e+01
2.900000000000000000e+01 5.000000000000000000e+00 7.238289562731833371e+01
2.900000000000000000e+01 6.000000000000000000e+00 6.261587198917365527e+01
2.900000000000000000e+01 7.000000000000000000e+00 6.764535819539212014e+01
3.000000000000000000e+01 0.000000000000000000e+00 6.659648815495691565e+01
3.000000000000000000e+01 1.000000000000000000e+00 6.515703874034790033e+01
3.000000000000000000e+01 2.000000000000000000e+00 6.617611655029304529e+01
3.000000000000000000e+01 3.000000000000000000e+00 7.450811668116188002e+01
3.000000000000000000e+01 4.000000000000000000e+00 7.116499675605275854e+01
3.000000000000000000e+01 5.000000000000000000e+00 6.876427721649200464e+01
3.000000000000000000e+01 6.000000000000000000e+00 6.509756645494398697e+01
3.000000000000000000e+01 7.000000000000000000e+00 6.696010817303145757e+01
3.100000000000000000e+01 0.000000000000000000e+00 6.051234853509544820e+01
3.100000000000000000e+01 1.000000000000000000e+00 6.105218961151879142e+01
3.100000000000000000e+01 2.000000000000000000e+00 6.350840517632717308e+01
3.100000000000000000e+01 3.000000000000000000e+00 7.076775248325847656e+01
3.100000000000000000e+01 4.000000000000000000e+00 6.683745309451674643e+01
3.100000000000000000e+01 5.000000000000000000e+00 6.626625610471683103e+01
3.100000000000000000e+01 6.000000000000000000e+00 6.248314935478530430e+01
3.100000000000000000e+01 7.000000000000000000e+00 5.917115649143995881e+01
3.200000000000000000e+01 0.000000000000000000e+00 6.643290730899639129e+01
3.200000000000000000e+01 1.000000000000000000e+00 6.426326721473796511e+01
3.200000000000000000e+01 2.000000000000000000e+00 6.585860614857698181e+01
3.200000000000000000e+01 3.000000000000000000e+00 7.030438053131038600e+01
3.200000000000000000e+01 4.000000000000000000e+00 6.749317986197564778e+01
3.200000000000000000e+01 5.000000000000000000e+00 6.621485403298773065e+01
3.200000000000000000e+01 6.000000000000000000e+00 6.023228461373274456e+01
3.200000000000000000e+01 7.000000000000000000e+00 6.132569131816917007e+01
3.300000000000000000e+01 0.000000000000000000e+00 5.661880242224586368e+01
3.300000000000000000e+01 1.000000000000000000e+00 5.461985957934626157e+01
3.300000000000000000e+01 2.000000000000000000e+00 6.097880034717090325e+01
3.300000000000000000e+01 3.000000000000000000e+00 6.739010197303136351e+01
3.300000000000000000e+01 4.000000000000000000e+00 5.981569227719527504e+01
3.300000000000000000e+01 5.000000000000000000e+00 6.320537087702628298e+01
3.300000000000000000e+01 6.000000000000000000e+00 5.653272234482762570e+01
3.300000000000000000e+01 7.000000000000000000e+00 5.804841889195179050e+01
3.400000000000000000e+01 0.000000000000000000e+00 5.938258923917596377e+01
3.400000000000000000e+01 1.000000000000000000e+00 5.016943621821387467e+01
3.400000000000000000e+01 2.000000000000000000e+00 6.016002638399744740e+01
3.400000000000000000e+01 3.000000000000000000e+00 6.437693871966449422e+01
3.400000000000000000e+01 4.000000000000000000e+00 6.253949176318426595e+01
3.400000000000000000e+01 5.000000000000000000e+00 5.990116804263050199e+01
3.400000000000000000e+01 6.000000000000000000e+00 5.582582469598551000e+01
3.400000000000000000e+01 7.000000000000000000e+00 5.651351971512808348e+01
3.500000000000000000e+01 0.000000000000000000e+00 5.695843328530894212e+01
3.500000000000000000e+01 1.000000000000000000e+00 5.458783715580195661e+01
3.500000000000000000e+01 2.000000000000000000e+00 5.839200415433226965e+01
3.500000000000000000e+01 3.000000000000000000e+00 6.533869049428122366e+01
3.500000000000000000e+01 4.000000000000000000e+00 6.302494191048952388e+01
3.500000000000000000e+01 5.000000000000000000e+00 6.554439320297692007e+01
3.500000000000000000e+01 6.000000000000000000e+00 5.961280874910261218e+01
3.500000000000000000e+01 7.000000000000000000e+00 6.161903834456802542e+01
3.600000000000000000e+01 0.000000000000000000e+00 4.710093345391805997e+01
3.600000000000000000e+01 1.000000000000000000e+00 4.548515462843873536e+01
3.600000000000000000e+01 2.000000000000000000e+00 5.060939294988641279e+01
3.600000000000000000e+01 3.000000000000000000e+00 4.525201409908905958e+01
3.600000000000000000e+01 4.000000000000000000e+00 5.590225517106973285e+01
3.600000000000000000e+01 5.000000000000000000e+00 5.512876194459948920e+01
3.600000000000000000e+01 6.000000000000000000e+00 5.286479465045361792e+01
3.600000000000000000e+01 7.000000000000000000e+00 5.227359690451829977e+01
3.700000000000000000e+01 0.000000000000000000e+00 4.504097225896106238e+01
3.700000000000000000e+01 1.000000000000000000e+00 3.649089579309898568e+01
3.700000000000000000e+01 2.000000000000000000e+00 4.235115165582396202e+01
3.700000000000000000e+01 3.000000000000000000e+00 4.292044425789750051e+01
3.700000000000000000e+01 4.000000000000000000e+00 4.590621214189359733e+01
3.700000000000000000e+01 5.000000000000000000e+00 4.477974614368319095e+01
3.700000000000000000e+01 6.000000000000000000e+00 5.048775870617990336e+01
3.700000000000000000e+01 7.000000000000000000e+00 3.676852773832403187e+01
3.800000000000000000e+01 0.000000000000000000e+00 3.723389523364929943e+01
3.800000000000000000e+01 1.000000000000000000e+00 3.182888168034148180e+01
3.800000000000000000e+01 2.000000000000000000e+00 3.989825269225941895e+01
3.800000000000000000e+01 3.000000000000000000e+00 4.163593525776591520e+01
3.800000000000000000e+01 4.000000000000000000e+00 4.192906823608293365e+01
3.800000000000000000e+01 5.000000000000000000e+00 4.464840927862240960e+01
3.800000000000000000e+01 6.000000000000000000e+00 4.277115343338347486e+01
3.800000000000000000e+01 7.000000000000000000e+00 4.072447633189219829e+01
3.900000000000000000e+01 0.000000000000000000e+00 3.835504863439396672e+01
3.900000000000000000e+01 1.000000000000000000e+00 3.639394736339750125e+01
3.900000000000000000e+01 2.000000000000000000e+00 3.701082554735051389e+01
3.900000000000000000e+01 3.000000000000000000e+00 3.775478690623535272e+01
3.900000000000000000e+01 4.000000000000000000e+00 3.723307245391465869e+01
3.900000000000000000e+01 5.000000000000000000e+00 3.530066386942252876e+01
3.900000000000000000e+01 6.000000000000000000e+00 3.820817905219639243e+01
3.900000000000000000e+01 7.000000000000000000e+00 3.648933104659860760e+01
4.000000000000000000e+01 0.000000000000000000e+00 2.636848485481783300e+01
4.000000000000000000e+01 1.000000000000000000e+00 1.947286069132776021e+01
4.000000000000000000e+01 2.000000000000000000e+00 2.333688326858293394e+01
4.000000000000000000e+01 3.000000000000000000e+00 2.497096881981273953e+01
4.000000000000000000e+01 4.000000000000000000e+00 3.318801714568460426e+01
4.000000000000000000e+01 5.000000000000000000e+00 2.859074253716689995e+01
4.000000000000000000e+01 6.000000000000000000e+00 2.886641887301210829e+01
4.000000000000000000e+01 7.000000000000000000e+00 2.736032662406034177e+01
4.100000000000000000e+01 0.000000000000000000e+00 2.119621396013839743e+01
4.100000000000000000e+01 1.000000000000000000e+00 2.379628868730278057e+01
4.100000000000000000e+01 2.000000000000000000e+00 2.576113453506783557e+01
4.100000000000000000e+01 3.000000000000000000e+00 3.325565839801914336e+01
4.100000000000000000e+01 4.000000000000000000e+00 3.305411897956932421e+01
4.100000000000000000e+01 5.000000000000000000e+00 4.127622192467827489e+01
4.100000000000000000e+01 6.000000000000000000e+00 3.873647690100306562e+01
4.100000000000000000e+01 7.000000000000000000e+00 4.397511820873481980e+01
4.200000000000000000e+01 0.000000000000000000e+00 3.122103095643710802e+01
4.200000000000000000e+01 1.000000000000000000e+00 2.160548638093030149e+01
4.200000000000000000e+01 2.000000000000000000e+00 3.769885842079934690e+01
4.200000000000000000e+01 3.000000000000000000e+00 4.241875318565561770e+01
4.200000000000000000e+01 4.000000000000000000e+00 4.802037530482388661e+01
4.200000000000000000e+01 5.000000000000000000e+00 5.393744130782788915e+01
4.200000000000000000e+01 6.000000000000000000e+00 5.410221997144973471e+01
4.200000000000000000e+01 7.000000000000000000e+00 5.854246391314334375e+01
4.300000000000000000e+01 0.000000000000000000e+00 4.119081313353223095e+01
4.300000000000000000e+01 1.000000000000000000e+00 4.372560998355494633e+01
4.300000000000000000e+01 2.000000000000000000e+00 3.928784904956801682e+01
4.300000000000000000e+01 3.000000000000000000e+00 5.888523439806704118e+01
4.300000000000000000e+01 4.000000000000000000e+00 5.565357602012818461e+01
4.300000000000000000e+01 5.000000000000000000e+00 5.870070276620299410e+01
4.300000000000000000e+01 6.000000000000000000e+00 5.539598399293235786e+01
4.300000000000000000e+01 7.000000000000000000e+00 5.658990327470234405e+01
4.400000000000000000e+01 0.000000000000000000e+00 4.179726832810768400e+01
4.400000000000000000e+01 1.000000000000000000e+00 4.857686886694037298e+01
4.400000000000000000e+01 2.000000000000000000e+00 5.793711614990656500e+01
4.400000000000000000e+01 3.000000000000000000e+00 5.049662458801136466e+01
4.400000000000000000e+01 4.000000000000000000e+00 5.660295650123135403e+01
4.400000000000000000e+01 5.000000000000000000e+00 5.100584306900883291e+01
4.400000000000000000e+01 6.000000000000000000e+00 5.387380329464346573e+01
4.400000000000000000e+01 7.000000000000000000e+00 5.363273254253213196e+01
4.500000000000000000e+01 0.000000000000000000e+00 5.229938322937233863e+01
4.500000000000000000e+01 1.000000000000000000e+00 5.063203655445499152e+01
4.500000000000000000e+01 2.000000000000000000e+00 4.803014058831827526e+01
4.500000000000000000e+01 3.000000000000000000e+00 5.075255374972388012e+01
4.500000000000000000e+01 4.000000000000000000e+00 4.615364503137412555e+01
4.500000000000000000e+01 5.000000000000000000e+00 4.955307005574367452e+01
4.500000000000000000e+01 6.000000000000000000e+00 4.652629073674296478e+01
4.500000000000000000e+01 7.000000000000000000e+00 5.248059866454366329e+01
4.600000000000000000e+01 0.000000000000000000e+00 5.304513727626629560e+01
4.600000000000000000e+01 1.000000000000000000e+00 4.063125922600345774e+01
4.600000000000000000e+01 2.000000000000000000e+00 4.501668700292421477e+01
4.600000000000000000e+01 3.000000000000000000e+00 4.772630177126901430e+01
4.600000000000000000e+01 4.000000000000000000e+00 4.104687061665717351e+01
4.600000000000000000e+01 5.000000000000000000e+00 4.795205115634631454e+01
4.600000000000000000e+01 6.000000000000000000e+00 5.225686349743574510e+01
4.600000000000000000e+01 7.000000000000000000e+00 5.544305318354120260e+01
4.700000000000000000e+01 0.000000000000000000e+00 4.873596412992043980e+01
4.700000000000000000e+01 1.000000000000000000e+00 3.341160564157193136e+01
4.700000000000000000e+01 2.000000000000000000e+00 4.837111243967178353e+01
4.700000000000000000e+01 3.000000000000000000e+00 5.038149515560559877e+01
4.700000000000000000e+01 4.000000000000000000e+00 4.386792505864881520e+01
4.700000000000000000e+01 5.000000000000000000e+00 4.475834034330699751e+01
4.700000000000000000e+01 6.000000000000000000e+00 4.722767962282016185e+01
4.700000000000000000e+01 7.000000000000000000e+00 4.941421930980241939e+01
4.800000000000000000e+01 0.000000000000000000e+00 4.604439375233972953e+01
4.800000000000000000e+01 1.000000000000000000e+00 4.238591583547403019e+01
4.800000000000000000e+01 2.000000000000000000e+00 4.471674530979725404e+01
4.800000000000000000e+01 3.000000000000000000e+00 4.598009326500943672e+01
4.800000000000000000e+01 4.000000000000000000e+00 4.358087234056784354e+01
4.800000000000000000e+01 5.000000000000000000e+00 4.482925336378380621e+01
4.800000000000000000e+01 6.000000000000000000e+00 4.348646633852249010e+01
4.800000000000000000e+01 7.000000000000000000e+00 4.435454487996655359e+01
4.900000000000000000e+01 0.000000000000000000e+00 4.465882845442610005e+01
4.900000000000000000e+01 1.000000000000000000e+00 3.510536631509437200e+01
4.900000000000000000e+01 2.000000000000000000e+00 3.917723808750194792e+01
4.900000000000000000e+01 3.000000000000000000e+00 4.373504173395664907e+01
4.900000000000000000e+01 4.000000000000000000e+00 4.104631835969170339e+01
4.900000000000000000e+01 5.000000000000000000e+00 4.284280868855660174e+01
4.900000000000000000e+01 6.000000000000000000e+00 4.397564544156843169e+01
4.900000000000000000e+01 7.000000000000000000e+00 4.048045369606001032e+01
5.000000000000000000e+01 0.000000000000000000e+00 3.934184842524560111e+01
5.000000000000000000e+01 1.000000000000000000e+00 3.641349926072495435e+01
5.000000000000000000e+01 2.000000000000000000e+00 3.890130567833141839e+01
5.000000000000000000e+01 3.000000000000000000e+00 3.977762361800207458e+01
5.000000000000000000e+01 4.000000000000000000e+00 4.038735891556272861e+01
5.000000000000000000e+01 5.000000000000000000e+00 3.599361467715542773e+01
5.000000000000000000e+01 6.000000000000000000e+00 3.849045390136942757e+01
5.000000000000000000e+01 7.000000000000000000e+00 3.796480618252863337e+01
5.100000000000000000e+01 0.000000000000000000e+00 2.002873503616304163e+01
5.100000000000000000e+01 1.000000000000000000e+00 1.487673111194186681e+01
5.100000000000000000e+01 2.000000000000000000e+00 1.846106304615065241e+01
5.100000000000000000e+01 3.000000000000000000e+00 1.599627660061115897e+01
5.100000000000000000e+01 4.000000000000000000e+00 1.950440523951581540e+01
5.100000000000000000e+01 5.000000000000000000e+00 1.741165797781207658e+01
5.100000000000000000e+01 6.000000000000000000e+00 1.966686619847263984e+01
5.100000000000000000e+01 7.000000000000000000e+00 1.915074084733735305e+01
5.200000000000000000e+01 0.000000000000000000e+00 2.634502587798031925e+01
5.200000000000000000e+01 1.000000000000000000e+00 2.816203637300698404e+01
5.200000000000000000e+01 2.000000000000000000e+00 2.969617631707536987e+01
5.200000000000000000e+01 3.000000000000000000e+00 3.424199631316459858e+01
5.200000000000000000e+01 4.000000000000000000e+00 3.291707228729440970e+01
5.200000000000000000e+01 5.000000000000000000e+00 3.877074111579585036e+01
5.200000000000000000e+01 6.000000000000000000e+00 3.905237047465008260e+01
5.200000000000000000e+01 7.000000000000000000e+00 3.508408885725562243e+01
5.300000000000000000e+01 0.000000000000000000e+00 3.912813463716787510e+01
5.300000000000000000e+01 1.000000000000000000e+00 3.615974514350412505e+01
5.300000000000000000e+01 2.000000000000000000e+00 3.274271766959039098e+01
5.300000000000000000e+01 3.000000000000000000e+00 3.603882471104471108e+01
5.300000000000000000e+01 4.000000000000000000e+00 3.038499525860779471e+01
5.300000000000000000e+01 5.000000000000000000e+00 3.480104205623567992e+01
5.300000000000000000e+01 6.000000000000000000e+00 3.007945522816640960e+01
5.300000000000000000e+01 7.000000000000000000e+00 3.443503117525375501e+01
5.400000000000000000e+01 0.000000000000000000e+00 5.359537564143612087e+01
5.400000000000000000e+01 1.000000000000000000e+00 4.839520833636238706e+01
5.400000000000000000e+01 2.000000000000000000e+00 4.986334963353166216e+01
5.400000000000000000e+01 3.000000000000000000e+00 5.595542286504297635e+01
5.400000000000000000e+01 4.000000000000000000e+00 4.621898977690797494e+01
5.400000000000000000e+01 5.000000000000000000e+00 5.036333095892614153e+01
5.400000000000000000e+01 6.000000000000000000e+00 4.027799224441642423e+01
5.400000000000000000e+01 7.000000000000000000e+00 4.415470169772988385e+01
5.500000000000000000e+01 0.000000000000000000e+00 5.391302100202488390e+01
5.500000000000000000e+01 1.000000000000000000e+00 5.376598530620424299e+01
5.500000000000000000e+01 2.000000000000000000e+00 5.016175376091108262e+01
5.500000000000000000e+01 3.000000000000000000e+00 5.789761778152942640e+01
5.500000000000000000e+01 4.000000000000000000e+00 3.729122099058766082e+01
5.500000000000000000e+01 5.000000000000000000e+00 4.148072116577924362e+01
5.500000000000000000e+01 6.000000000000000000e+00 3.723053677076980961e+01
5.500000000000000000e+01 7.000000000000000000e+00 4.218050428379101646e+01
5.600000000000000000e+01 0.000000000000000000e+00 5.651392112536203882e+01
5.600000000000000000e+01 1.000000000000000000e+00 5.471115693562676796e+01
5.600000000000000000e+01 2.000000000000000000e+00 4.695715656786753556e+01
5.600000000000000000e+01 3.000000000000000000e+00 5.322120856791341481e+01
5.600000000000000000e+01 4.000000000000000000e+00 3.906239752536390597e+01
5.600000000000000000e+01 5.000000000000000000e+00 4.162359620094100165e+01
5.600000000000000000e+01 6.000000000000000000e+00 3.327881598300884747e+01
5.600000000000000000e+01 7.000000000000000000e+00 3.904354674867332164e+01
5.700000000000000000e+01 0.000000000000000000e+00 5.751532798519442480e+01
5.700000000000000000e+01 1.000000000000000000e+00 5.656545468528650389e+01
5.700000000000000000e+01 2.000000000000000000e+00 5.310323235933508812e+01
5.700000000000000000e+01 3.000000000000000000e+00 6.049206775547809656e+01
5.700000000000000000e+01 4.000000000000000000e+00 4.658972040209746979e+01
5.700000000000000000e+01 5.000000000000000000e+00 4.657317611713641980e+01
5.700000000000000000e+01 6.000000000000000000e+00 3.210126287532991540e+01
5.700000000000000000e+01 7.000000000000000000e+00 4.398242829080754035e+01
5.800000000000000000e+01 0.000000000000000000e+00 5.759896325191754585e+01
5.800000000000000000e+01 1.000000000000000000e+00 5.933127992499429126e+01
5.800000000000000000e+01 2.000000000000000000e+00 5.362544026160688304e+01
5.800000000000000000e+01 3.000000000000000000e+00 5.743340523131870157e+01
5.800000000000000000e+01 4.000000000000000000e+00 5.022758383865269849e+01
5.800000000000000000e+01 5.000000000000000000e+00 5.436695631474086099e+01
5.800000000000000000e+01 6.000000000000000000e+00 4.459094469370734970e+01
5.800000000000000000e+01 7.000000000000000000e+00 4.830332698594388319e+01
5.900000000000000000e+01 0.000000000000000000e+00 5.484476273606919960e+01
5.900000000000000000e+01 1.000000000000000000e+00 6.035212695398246296e+01
5.900000000000000000e+01 2.000000000000000000e+00 4.805132362025371862e+01
5.900000000000000000e+01 3.000000000000000000e+00 6.490649624061214240e+01
5.900000000000000000e+01 4.000000000000000000e+00 5.691725886812768209e+01
5.900000000000000000e+01 5.000000000000000000e+00 6.026109818560104969e+01
5.900000000000000000e+01 6.000000000000000000e+00 4.593074097309222026e+01
5.900000000000000000e+01 7.000000000000000000e+00 5.086628575403790364e+01
6.000000000000000000e+01 0.000000000000000000e+00 6.148311999592461063e+01
6.000000000000000000e+01 1.000000000000000000e+00 6.046646334399917322e+01
6.000000000000000000e+01 2.000000000000000000e+00 5.898373784571658973e+01
6.000000000000000000e+01 3.000000000000000000e+00 6.460030785802172204e+01
6.000000000000000000e+01 4.000000000000000000e+00 5.800151726688908127e+01
6.000000000000000000e+01 5.000000000000000000e+00 5.579617794303296563e+01
6.000000000000000000e+01 6.000000000000000000e+00 4.497607682859948142e+01
6.000000000000000000e+01 7.000000000000000000e+00 3.781776985235585187e+01
6.100000000000000000e+01 0.000000000000000000e+00 5.148046075571405567e+01
6.100000000000000000e+01 1.000000000000000000e+00 4.057112715793576285e+01
6.100000000000000000e+01 2.000000000000000000e+00 5.616337600836241961e+01
6.100000000000000000e+01 3.000000000000000000e+00 4.542415136459687375e+01
6.100000000000000000e+01 4.000000000000000000e+00 5.319795477018880092e+01
6.100000000000000000e+01 5.000000000000000000e+00 3.896306758022874561e+01
6.100000000000000000e+01 6.000000000000000000e+00 4.076364355736541256e+01
6.100000000000000000e+01 7.000000000000000000e+00 3.431345129659325011e+01
6.200000000000000000e+01 0.000000000000000000e+00 2.810396426131790903e+01
6.200000000000000000e+01 1.000000000000000000e+00 2.899097895487581766e+01
6.200000000000000000e+01 2.000000000000000000e+00 2.693549362728643359e+01
6.200000000000000000e+01 3.000000000000000000e+00 3.027669637252215296e+01
6.200000000000000000e+01 4.000000000000000000e+00 2.436074909367914287e+01
6.200000000000000000e+01 5.000000000000000000e+00 2.865230694486435681e+01
6.200000000000000000e+01 6.000000000000000000e+00 2.457777856077169432e+01
6.200000000000000000e+01 7.000000000000000000e+00 2.728586153016976112e+01
6.300000000000000000e+01 0.000000000000000000e+00 2.791152546247533905e+01
6.300000000000000000e+01 1.000000000000000000e+00 2.278779593507280055e+01
6.300000000000000000e+01 2.000000000000000000e+00 2.437488359958106443e+01
6.300000000000000000e+01 3.000000000000000000e+00 2.568355390840994801e+01
6.300000000000000000e+01 4.000000000000000000e+00 2.375227231059714939e+01
6.300000000000000000e+01 5.000000000000000000e+00 2.444433639483051479e+01
6.300000000000000000e+01 6.000000000000000000e+00 2.540449420965644833e+01
6.300000000000000000e+01 7.000000000000000000e+00 1.662237248611639373e+01
6.400000000000000000e+01 0.000000000000000000e+00 2.618528549150640572e+01
6.400000000000000000e+01 1.000000000000000000e+00 2.095786585449942407e+01
6.400000000000000000e+01 2.000000000000000000e+00 2.055284242217944524e+01
6.400000000000000000e+01 3.000000000000000000e+00 2.131882819641916882e+01
6.400000000000000000e+01 4.000000000000000000e+00 2.103904426660309923e+01
6.400000000000000000e+01 5.000000000000000000e+00 2.006837118431838718e+01
6.400000000000000000e+01 6.000000000000000000e+00 2.181763302519063785e+01
6.400000000000000000e+01 7.000000000000000000e+00 1.848504255495877047e+01
6.500000000000000000e+01 0.000000000000000000e+00 1.899095231171218501e+01
6.500000000000000000e+01 1.000000000000000000e+00 9.866811670871957318e+00
6.500000000000000000e+01 2.000000000000000000e+00 1.647907070312859545e+01
6.500000000000000000e+01 3.000000000000000000e+00 1.278462179362813345e+01
6.500000000000000000e+01 4.000000000000000000e+00 1.544562688981680587e+01
6.500000000000000000e+01 5.000000000000000000e+00 1.072148422119062339e+01
6.500000000000000000e+01 6.000000000000000000e+00 1.471652469634707572e+01
6.500000000000000000e+01 7.000000000000000000e+00 9.760179251685642043e+00
6.600000000000000000e+01 0.000000000000000000e+00 3.564012377517340013e+01
6.600000000000000000e+01 1.000000000000000000e+00 3.437874966072774185e+01
6.600000000000000000e+01 2.000000000000000000e+00 2.894962997462332766e+01
6.600000000000000000e+01 3.000000000000000000e+00 3.117838014766921617e+01
6.600000000000000000e+01 4.000000000000000000e+00 2.534721198344320570e+01
6.600000000000000000e+01 5.000000000000000000e+00 3.347580682016756981e+01
6.600000000000000000e+01 6.000000000000000000e+00 2.186739382348847727e+01
6.600000000000000000e+01 7.000000000000000000e+00 2.962009049605642019e+01
6.700000000000000000e+01 0.000000000000000000e+00 3.627730552754887583e+01
6.700000000000000000e+01 1.000000000000000000e+00 3.129974421689245645e+01
6.700000000000000000e+01 2.000000000000000000e+00 2.963641756063992716e+01
6.700000000000000000e+01 3.000000000000000000e+00 3.135071251730494524e+01
6.700000000000000000e+01 4.000000000000000000e+00 2.721237795936773196e+01
6.700000000000000000e+01 5.000000000000000000e+00 2.580684790533893036e+01
6.700000000000000000e+01 6.000000000000000000e+00 2.934703608564545974e+01
6.700000000000000000e+01 7.000000000000000000e+00 2.396238891940244642e+01
6.800000000000000000e+01 0.000000000000000000e+00 3.723600957085086094e+01
6.800000000000000000e+01 1.000000000000000000e+00 3.783267566462181009e+01
6.800000000000000000e+01 2.000000000000000000e+00 2.544972271998529578e+01
6.800000000000000000e+01 3.000000000000000000e+00 3.388291576470504651e+01
6.800000000000000000e+01 4.000000000000000000e+00 2.663186780505036211e+01
6.800000000000000000e+01 5.000000000000000000e+00 3.047998564801266852e+01
6.800000000000000000e+01 6.000000000000000000e+00 2.471266485898331311e+01
6.800000000000000000e+01 7.000000000000000000e+00 2.765145785523619892e+01
6.900000000000000000e+01 0.000000000000000000e+00 4.405675749382344719e+01
6.900000000000000000e+01 1.000000000000000000e+00 4.685040152889168041e+01
6.900000000000000000e+01 2.000000000000000000e+00 2.995140688946403529e+01
6.900000000000000000e+01 3.000000000000000000e+00 4.215533810901133904e+01
6.900000000000000000e+01 4.000000000000000000e+00 3.259698928553532937e+01
6.900000000000000000e+01 5.000000000000000000e+00 2.897460821837763945e+01
6.900000000000000000e+01 6.000000000000000000e+00 2.995641143667485196e+01
6.900000000000000000e+01 7.000000000000000000e+00 3.218220531694324649e+01
7.000000000000000000e+01 0.000000000000000000e+00 4.416589739996813080e+01
7.000000000000000000e+01 1.000000000000000000e+00 4.728844910567908499e+01
7.000000000000000000e+01 2.000000000000000000e+00 3.975130110000043970e+01
7.000000000000000000e+01 3.000000000000000000e+00 4.360133126500910805e+01
7.000000000000000000e+01 4.000000000000000000e+00 3.371155679353791612e+01
7.000000000000000000e+01 5.000000000000000000e+00 3.252899092313257512e+01
7.000000000000000000e+01 6.000000000000000000e+00 2.575261996918207785e+01
7.000000000000000000e+01 7.000000000000000000e+00 2.103426817886950673e+01
7.100000000000000000e+01 0.000000000000000000e+00 5.484501294312563857e+01
7.100000000000000000e+01 1.000000000000000000e+00 4.987931335911455477e+01
7.100000000000000000e+01 2.000000000000000000e+00 4.837903024719213363e+01
7.100000000000000000e+01 3.000000000000000000e+00 5.275179950207774482e+01
7.100000000000000000e+01 4.000000000000000000e+00 3.644102783394817635e+01
7.100000000000000000e+01 5.000000000000000000e+00 3.870293895394699746e+01
7.100000000000000000e+01 6.000000000000000000e+00 3.740163372794786056e+01
7.100000000000000000e+01 7.000000000000000000e+00 2.762716318331162313e+01
7.200000000000000000e+01 0.000000000000000000e+00 5.166559917977193095e+01
7.200000000000000000e+01 1.000000000000000000e+00 4.831526178521348669e+01
7.200000000000000000e+01 2.000000000000000000e+00 3.421014777427678411e+01
7.200000000000000000e+01 3.000000000000000000e+00 4.366885307018390705e+01
7.200000000000000000e+01 4.000000000000000000e+00 3.431049156647181064e+01
7.200000000000000000e+01 5.000000000000000000e+00 3.100654493485892260e+01
7.200000000000000000e+01 6.000000000000000000e+00 2.948616047791450256e+01
7.200000000000000000e+01 7.000000000000000000e+00 2.961117341757681842e+01
7.300000000000000000e+01 0.000000000000000000e+00 3.413898856879654886e+01
7.300000000000000000e+01 1.000000000000000000e+00 2.151226045989798763e+01
7.300000000000000000e+01 2.000000000000000000e+00 2.229283663230613399e+01
7.300000000000000000e+01 3.000000000000000000e+00 2.160743740289701620e+01
7.300000000000000000e+01 4.000000000000000000e+00 2.026271797392336538e+01
7.300000000000000000e+01 5.000000000000000000e+00 1.919711838880430221e+01
7.300000000000000000e+01 6.000000000000000000e+00 2.007831547079113221e+01
7.300000000000000000e+01 7.000000000000000000e+00 2.059390115983140390e+01
7.400000000000000000e+01 0.000000000000000000e+00 2.318644744723548712e+01
7.400000000000000000e+01 1.000000000000000000e+00 1.937604420691808116e+01
7.400000000000000000e+01 2.000000000000000000e+00 2.098005232330770653e+01
7.400000000000000000e+01 3.000000000000000000e+00 2.299075320922660737e+01
7.400000000000000000e+01 4.000000000000000000e+00 1.985867120832788402e+01
7.400000000000000000e+01 5.000000000000000000e+00 1.991383878962285081e+01
7.400000000000000000e+01 6.000000000000000000e+00 2.074403173124819943e+01
7.400000000000000000e+01 7.000000000000000000e+00 1.925083086278142019e+01
7.500000000000000000e+01 0.000000000000000000e+00 2.545905519908486525e+01
7.500000000000000000e+01 1.000000000000000000e+00 2.085661090174893673e+01
7.500000000000000000e+01 2.000000000000000000e+00 2.032421947298195875e+01
7.500000000000000000e+01 3.000000000000000000e+00 1.905216413175765666e+01
7.500000000000000000e+01 4.000000000000000000e+00 1.897275197177116368e+01
7.500000000000000000e+01 5.000000000000000000e+00 1.847753510401783927e+01
7.500000000000000000e+01 6.000000000000000000e+00 1.550510875411880463e+01
7.500000000000000000e+01 7.000000000000000000e+00 1.750558279750998025e+01
7.600000000000000000e+01 0.000000000000000000e+00 1.782000279592523739e+01
7.600000000000000000e+01 1.000000000000000000e+00 1.531236991110161583e+01
7.600000000000000000e+01 2.000000000000000000e+00 1.719175216183656474e+01
7.600000000000000000e+01 3.000000000000000000e+00 1.569169808568419811e+01
7.600000000000000000e+01 4.000000000000000000e+00 1.570501713726759263e+01
7.600000000000000000e+01 5.000000000000000000e+00 1.428138379401882041e+01
7.600000000000000000e+01 6.000000000000000000e+00 1.430728136447891963e+01
7.600000000000000000e+01 7.000000000000000000e+00 1.237989475051446142e+01
7.700000000000000000e+01 0.000000000000000000e+00 1.462920871333326467e+01
7.700000000000000000e+01 1.000000000000000000e+00 8.642574221905590548e+00
7.700000000000000000e+01 2.000000000000000000e+00 1.157418509135930229e+01
7.700000000000000000e+01 3.000000000000000000e+00 9.219449873822897601e+00
7.700000000000000000e+01 4.000000000000000000e+00 1.027066086226163755e+01
7.700000000000000000e+01 5.000000000000000000e+00 8.039326264142200529e+00
7.700000000000000000e+01 6.000000000000000000e+00 1.025576913240355026e+01
7.700000000000000000e+01 7.000000000000000000e+00 8.234720795211639910e+00
7.800000000000000000e+01 0.000000000000000000e+00 2.533237019555266656e+01
7.800000000000000000e+01 1.000000000000000000e+00 2.368378710315811375e+01
7.800000000000000000e+01 2.000000000000000000e+00 1.975927197820752568e+01
7.800000000000000000e+01 3.000000000000000000e+00 2.203717941844179151e+01
7.800000000000000000e+01 4.000000000000000000e+00 1.761483485825617379e+01
7.800000000000000000e+01 5.000000000000000000e+00 2.131819418752514039e+01
7.800000000000000000e+01 6.000000000000000000e+00 1.676723310900374031e+01
7.800000000000000000e+01 7.000000000000000000e+00 1.904731401313616246e+01
7.900000000000000000e+01 0.000000000000000000e+00 2.771762315786149244e+01
7.900000000000000000e+01 1.000000000000000000e+00 2.225805442249273369e+01
7.900000000000000000e+01 2.000000000000000000e+00 2.059213558421324919e+01
7.900000000000000000e+01 3.000000000000000000e+00 2.290132954117002839e+01
7.900000000000000000e+01 4.000000000000000000e+00 1.910523835514782220e+01
7.900000000000000000e+01 5.000000000000000000e+00 1.949197188776388501e+01
7.900000000000000000e+01 6.000000000000000000e+00 1.579445387753495922e+01
7.900000000000000000e+01 7.000000000000000000e+00 1.842033284510824842e+01
8.000000000000000000e+01 0.000000000000000000e+00 2.760334470254263906e+01
8.000000000000000000e+01 1.000000000000000000e+00 2.235384038602410683e+01
8.000000000000000000e+01 2.000000000000000000e+00 2.011035727065198842e+01
8.000000000000000000e+01 3.000000000000000000e+00 2.190272508221111991e+01
8.000000000000000000e+01 4.000000000000000000e+00 1.779207618740835173e+01
8.000000000000000000e+01 5.000000000000000000e+00 1.708725806131824143e+01
8.000000000000000000e+01 6.000000000000000000e+00 1.773376866016747044e+01
8.000000000000000000e+01 7.000000000000000000e+00 1.847119343752293474e+01
8.100000000000000000e+01 0.000000000000000000e+00 2.833926511232737866e+01
8.100000000000000000e+01 1.000000000000000000e+00 2.615677672415541011e+01
8.100000000000000000e+01 2.000000000000000000e+00 1.770744671962755490e+01
8.100000000000000000e+01 3.000000000000000000e+00 1.835240682521995126e+01
8.100000000000000000e+01 4.000000000000000000e+00 1.696583916176334839e+01
8.100000000000000000e+01 5.000000000000000000e+00 1.779732722605593409e+01
8.100000000000000000e+01 6.000000000000000000e+00 1.674299125936276766e+01
8.100000000000000000e+01 7.000000000000000000e+00 1.696789377283995393e+01
8.200000000000000000e+01 0.000000000000000000e+00 2.711412126661724642e+01
8.200000000000000000e+01 1.000000000000000000e+00 1.847620156960494242e+01
8.200000000000000000e+01 2.000000000000000000e+00 1.961578575288207560e+01
8.200000000000000000e+01 3.000000000000000000e+00 1.897866471583463621e+01
8.200000000000000000e+01 4.000000000000000000e+00 1.604595325222618030e+01
8.200000000000000000e+01 5.000000000000000000e+00 1.712074395154699857e+01
8.200000000000000000e+01 6.000000000000000000e+00 1.895465219332406903e+01
8.200000000000000000e+01 7.000000000000000000e+00 2.079925399239978390e+01
8.300000000000000000e+01 0.000000000000000000e+00 1.747284142418587294e+01
8.300000000000000000e+01 1.000000000000000000e+00 1.337965984062389424e+01
8.300000000000000000e+01 2.000000000000000000e+00 1.695457150072386199e+01
8.300000000000000000e+01 3.000000000000000000e+00 1.673236972141566525e+01
8.300000000000000000e+01 4.000000000000000000e+00 1.215785552848312534e+01
8.300000000000000000e+01 5.000000000000000000e+00 1.705557507106347970e+01
8.300000000000000000e+01 6.000000000000000000e+00 1.655244803743908832e+01
8.300000000000000000e+01 7.000000000000000000e+00 1.696713018560511443e+01
8.400000000000000000e+01 0.000000000000000000e+00 2.101696545583514109e+01
8.400000000000000000e+01 1.000000000000000000e+00 1.971728463973813561e+01
8.400000000000000000e+01 2.000000000000000000e+00 1.719704086628567197e+01
8.400000000000000000e+01 3.000000000000000000e+00 1.692030490902759610e+01
8.400000000000000000e+01 4.000000000000000000e+00 1.485551293061047140e+01
8.400000000000000000e+01 5.000000000000000000e+00 1.698045842381609916e+01
8.400000000000000000e+01 6.000000000000000000e+00 1.589868191814728959e+01
8.400000000000000000e+01 7.000000000000000000e+00 1.612311933208630421e+01
8.500000000000000000e+01 0.000000000000000000e+00 2.127986346612716062e+01
8.500000000000000000e+01 1.000000000000000000e+00 1.949163753848545610e+01
8.500000000000000000e+01 2.000000000000000000e+00 1.694131166222370055e+01
8.500000000000000000e+01 3.000000000000000000e+00 1.549860354575958254e+01
8.500000000000000000e+01 4.000000000000000000e+00 1.187084423697760549e+01
8.500000000000000000e+01 5.000000000000000000e+00 1.448730617087795558e+01
8.500000000000000000e+01 6.000000000000000000e+00 1.463334432690862386e+01
8.500000000000000000e+01 7.000000000000000000e+00 1.201321314233561388e+01
8.600000000000000000e+01 0.000000000000000000e+00 1.702119209050596993e+01
8.600000000000000000e+01 1.000000000000000000e+00 1.485965235114683125e+01
8.600000000000000000e+01 2.000000000000000000e+00 1.482955914208788961e+01
8.600000000000000000e+01 3.000000000000000000e+00 1.314803285315778858e+01
8.600000000000000000e+01 4.000000000000000000e+00 1.185539991351872580e+01
8.600000000000000000e+01 5.000000000000000000e+00 1.063626897376857805e+01
8.600000000000000000e+01 6.000000000000000000e+00 1.045107300305949849e+01
8.600000000000000000e+01 7.000000000000000000e+00 8.518286768888689409e+00
8.700000000000000000e+01 0.000000000000000000e+00 1.525087597562390052e+01
8.700000000000000000e+01 1.000000000000000000e+00 1.329006630768820685e+01
8.700000000000000000e+01 2.000000000000000000e+00 1.000490626636104174e+01
8.700000000000000000e+01 3.000000000000000000e+00 1.018420456927962547e+01
8.700000000000000000e+01 4.000000000000000000e+00 7.821438816429822971e+00
8.700000000000000000e+01 5.000000000000000000e+00 7.025754391183707703e+00
8.700000000000000000e+01 6.000000000000000000e+00 6.534640125900362584e+00
8.700000000000000000e+01 7.000000000000000000e+00 6.120457725585196407e+00
8.800000000000000000e+01 0.000000000000000000e+00 2.621165799352895220e+01
8.800000000000000000e+01 1.000000000000000000e+00 1.669440414194091460e+01
8.800000000000000000e+01 2.000000000000000000e+00 2.494551645489003633e+01
8.800000000000000000e+01 3.000000000000000000e+00 2.126006534909915047e+01
8.800000000000000000e+01 4.000000000000000000e+00 2.665964927176413468e+01
8.800000000000000000e+01 5.000000000000000000e+00 2.120620591611475092e+01
8.800000000000000000e+01 6.000000000000000000e+00 2.260031439656940933e+01
8.800000000000000000e+01 7.000000000000000000e+00 1.799313681090555406e+01
