2610 199
2611 543
2612 624
2613 570
2614 517
2615 460
2616 1006
2617 1062
2618 1022
2619 1065
2620 1029
2621 571
2731 646
2732 1753
2733 1757
2734 1784
2735 1666
2736 1677
2737 2252
2738 2749
2739 2711
2740 2569
2741 2596
2742 1275
2852 659
2853 1755
2854 1817
2855 1645
2856 1734
2857 1575
2858 2346
2859 2805
2860 2745
2861 2577
2862 2589
2863 1329
2973 789
2974 1808
2975 1775
2976 1764
2977 1656
2978 1725
2979 2377
2980 2907
2981 2649
2982 2586
2983 2675
2984 1350
3094 782
3095 1876
3096 1827
3097 1822
3098 1781
3099 1686
3100 2529
3101 2930
3102 2750
3103 2818
3104 2644
3105 1339
3215 946
3216 2280
3217 2350
3218 2259
3219 2221
3220 1963
3221 2348
3222 2674
3223 2643
3224 2587
3225 2534
3226 1269
3336 1093
3337 3094
3338 3058
3339 3002
3340 2844
3341 2783
3342 2572
3343 2804
3344 2931
3345 2812
3346 2934
3347 1595
3457 1087
3458 3139
3459 3072
3460 2914
3461 3086
3462 2261
3463 2484
3464 2924
3465 2967
3466 3036
3467 2883
3468 1416
3578 1006
3579 3104
3580 3004
3581 2979
3582 2712
3583 3475
3584 2469
3585 2696
3586 2947
3587 2862
3588 2736
3589 1500
3699 1029
3700 3128
3701 3148
3702 3185
3703 2962
3704 2932
3705 2354
3706 2775
3707 2865
3708 2859
3709 2709
3710 1370
3820 982
3821 3079
3822 3023
3823 2923
3824 2753
3825 2589
3826 2095
3827 2534
3828 2437
3829 2454
3830 2385
3831 1222
3941 0
3942 0
3943 0
3944 0
3945 0
3946 0
3947 0
3948 0
3949 0
3950 0
3951 0
3952 0
