5591 161
5592 1061
5593 1065
5594 1003
5595 987
5596 962
5597 699
5598 764
5599 713
5600 707
5601 641
5602 378
5603 0
5712 406
5713 2561
5714 2610
5715 2758
5716 2733
5717 2790
5718 2429
5719 3013
5720 3201
5721 3292
5722 3431
5723 2268
5724 0
5833 422
5834 2517
5835 2602
5836 2691
5837 2816
5838 3025
5839 2569
5840 2896
5841 3162
5842 3179
5843 3249
5844 2345
5845 0
5954 494
5955 2416
5956 2581
5957 2581
5958 2786
5959 2889
5960 2512
5961 2977
5962 3166
5963 3236
5964 3365
5965 2209
5966 0
6075 562
6076 2555
6077 2774
6078 2741
6079 2802
6080 2940
6081 2665
6082 3187
6083 3191
6084 3264
6085 3401
6086 2285
6087 0
6196 584
6197 2673
6198 2684
6199 2705
6200 2816
6201 2960
6202 2550
6203 2964
6204 3077
6205 3181
6206 3419
6207 2421
6208 0
6317 416
6318 2215
6319 2274
6320 2306
6321 2287
6322 2253
6323 2196
6324 2577
6325 2447
6326 2721
6327 2876
6328 2013
6329 0
6438 491
6439 2756
6440 2773
6441 2790
6442 2729
6443 2806
6444 2593
6445 2990
6446 2871
6447 3253
6448 3491
6449 2338
6450 0
6559 498
6560 2582
6561 2818
6562 2875
6563 2766
6564 2808
6565 2672
6566 2910
6567 3065
6568 3304
6569 3451
6570 2299
6571 0
6680 511
6681 2384
6682 2770
6683 2842
6684 2694
6685 2954
6686 2617
6687 3043
6688 3042
6689 3146
6690 3399
6691 2309
6692 0
6801 499
6802 2432
6803 2713
6804 2815
6805 2834
6806 2819
6807 2725
6808 3169
6809 3236
6810 3258
6811 3468
6812 2398
6813 0
6922 485
6923 2573
6924 2757
6925 2847
6926 2820
6927 2966
6928 2577
6929 3216
6930 3277
6931 3724
6932 3699
6933 2408
6934 0
7043 282
7044 1797
7045 1855
7046 1905
7047 1825
7048 1817
7049 1619
7050 1856
7051 2002
7052 2050
7053 1951
7054 1286
7055 0
7164 0
7165 0
7166 0
7167 0
7168 0
7169 0
7170 0
7171 0
7172 0
7173 0
7174 0
7175 0
7176 0
