1095 0
1096 765
1097 966
1098 986
1099 1027
1100 981
1101 802
1102 1012
1103 943
1104 1006
1105 1002
1106 939
1107 85
1216 0
1217 760
1218 1033
1219 999
1220 1004
1221 1044
1222 895
1223 1014
1224 973
1225 1038
1226 1041
1227 1007
1228 99
127 0
128 229
129 291
130 280
131 263
132 264
133 214
1337 0
1338 755
1339 1066
134 343
1340 1051
1341 1015
1342 1126
1343 918
1344 1071
1345 1066
1346 1010
1347 1140
1348 1047
1349 98
135 328
136 338
137 287
138 265
139 25
1458 0
1459 802
1460 1091
1461 1034
1462 1117
1463 989
1464 891
1465 1071
1466 1074
1467 1127
1468 1145
1469 1156
1470 121
1579 0
1580 672
1581 1009
1582 995
1583 1055
1584 1080
1585 899
1586 1060
1587 1090
1588 1123
1589 1254
1590 1135
1591 107
1700 0
1701 183
1702 296
1703 253
1704 227
1705 230
1706 175
1707 199
1708 149
1709 171
1710 130
1711 101
1712 12
248 0
249 454
250 557
251 559
252 584
253 605
254 551
255 764
256 785
257 767
258 800
259 782
260 79
369 0
370 398
371 578
372 569
373 600
374 588
375 498
376 744
377 757
378 754
379 756
380 751
381 91
490 0
491 489
492 658
493 596
494 646
495 586
496 613
497 794
498 859
499 889
500 911
501 880
502 82
611 0
612 533
613 582
614 570
615 607
616 626
617 569
618 936
619 867
620 929
621 1023
622 918
623 68
732 0
733 570
734 683
735 651
736 630
737 668
738 570
739 837
740 884
741 912
742 985
743 917
744 82
853 0
854 548
855 648
856 728
857 630
858 618
859 522
860 809
861 798
862 830
863 825
864 859
865 60
974 0
975 651
976 1209
977 917
978 906
979 942
980 783
981 961
982 1024
983 1002
984 1047
985 1006
986 99
