1000 348
1001 1113
1002 1110
1003 1145
1004 1199
1005 1177
1006 1058
1007 1414
1008 1325
1009 1448
1010 1563
1011 834
1121 380
1122 1116
1123 1224
1124 1165
1125 1189
1126 1251
1127 1084
1128 1411
1129 1430
1130 1606
1131 1783
1132 818
1242 378
1243 1254
1244 1288
1245 1361
1246 1386
1247 1357
1248 1224
1249 1419
1250 1524
1251 1687
1252 1737
1253 898
1363 381
1364 1283
1365 1292
1366 1448
1367 1446
1368 1384
1369 1227
1370 1577
1371 1684
1372 1854
1373 1833
1374 958
1484 136
1485 517
1486 548
1487 542
1488 604
1489 553
1490 486
1491 492
1492 516
1493 516
1494 473
1495 278
153 226
154 576
155 525
156 577
157 641
158 601
159 763
160 1003
161 1090
162 1119
163 1162
164 594
274 229
275 557
276 533
277 536
278 560
279 588
280 848
281 1070
282 1060
283 1120
284 1200
285 650
32 86
33 169
34 150
35 166
36 156
37 155
38 202
39 225
395 249
396 642
397 581
398 679
399 655
40 211
400 675
401 910
402 1062
403 1082
404 1166
405 1426
406 650
41 219
42 200
43 123
516 255
517 666
518 695
519 704
520 663
521 625
522 1011
523 1058
524 1104
525 1162
526 1222
527 677
637 313
638 725
639 674
640 746
641 686
642 616
643 938
644 1114
645 1154
646 1158
647 1314
648 635
758 341
759 848
760 793
761 869
762 808
763 760
764 855
765 1109
766 1150
767 1153
768 1219
769 653
879 368
880 1100
881 1111
882 1161
883 1244
884 1146
885 1032
886 1304
887 1366
888 1425
889 1372
890 753
