5525 0
5526 129
5527 177
5528 155
5529 161
5530 106
5531 86
5532 28
5533 9
5534 0
5535 0
5536 0
5537 0
5646 0
5647 1361
5648 1704
5649 1814
5650 1928
5651 1992
5652 1687
5653 2014
5654 1904
5655 1877
5656 1885
5657 1922
5658 133
5767 0
5768 1578
5769 1762
5770 1760
5771 1946
5772 2032
5773 1866
5774 1985
5775 1907
5776 1865
5777 1940
5778 1860
5779 113
5888 0
5889 1592
5890 1935
5891 1649
5892 1916
5893 1885
5894 1715
5895 1941
5896 1864
5897 1886
5898 1938
5899 1899
5900 114
6009 0
6010 1745
6011 2069
6012 1843
6013 1781
6014 1830
6015 1633
6016 1919
6017 1955
6018 2004
6019 1962
6020 1915
6021 92
6130 0
6131 1617
6132 1876
6133 1867
6134 1782
6135 1773
6136 1618
6137 1882
6138 1913
6139 1783
6140 1755
6141 1754
6142 77
6251 0
6252 1573
6253 1902
6254 1908
6255 1941
6256 1894
6257 1473
6258 1933
6259 1981
6260 1949
6261 1902
6262 1945
6263 335
6372 0
6373 1660
6374 1963
6375 1999
6376 1954
6377 1890
6378 1574
6379 2029
6380 1988
6381 2051
6382 1966
6383 1917
6384 289
6493 0
6494 1571
6495 1957
6496 1997
6497 2054
6498 1877
6499 1504
6500 1884
6501 1887
6502 1894
6503 1861
6504 1632
6505 244
6614 0
6615 1582
6616 1963
6617 1992
6618 1989
6619 1907
6620 1441
6621 1900
6622 1885
6623 2101
6624 1993
6625 1938
6626 299
6735 0
6736 1611
6737 1970
6738 1979
6739 1891
6740 1905
6741 1454
6742 1687
6743 1864
6744 1950
6745 1841
6746 1836
6747 267
6856 0
6857 107
6858 122
6859 88
6860 61
6861 54
6862 21
6863 0
6864 0
6865 0
6866 0
6867 0
6868 0
