6939 705
6940 2203
6941 2209
6942 2379
6943 2307
6944 2171
6945 2517
6946 2924
6947 2669
6948 2467
6949 2241
6950 1298
7060 1478
7061 4631
7062 4608
7063 5400
7064 5573
7065 5667
7066 4957
7067 6133
7068 6034
7069 5666
7070 5538
7071 3057
7181 1465
7182 4667
7183 4553
7184 5553
7185 5849
7186 5694
7187 4944
7188 6080
7189 5929
7190 5756
7191 5426
7192 2884
7302 1638
7303 4750
7304 5101
7305 5529
7306 5581
7307 5398
7308 5125
7309 6208
7310 5926
7311 5646
7312 5159
7313 2676
7423 1668
7424 4701
7425 5213
7426 5224
7427 5649
7428 5790
7429 5172
7430 6206
7431 5752
7432 5551
7433 5320
7434 2728
7544 1782
7545 4338
7546 5187
7547 5715
7548 5666
7549 5718
7550 5113
7551 6056
7552 5697
7553 5578
7554 5127
7555 2804
7665 1753
7666 5243
7667 5357
7668 5515
7669 6263
7670 5715
7671 4574
7672 5097
7673 4901
7674 4634
7675 4196
7676 2517
7786 1707
7787 5698
7788 6065
7789 5994
7790 6193
7791 6166
7792 5028
7793 5777
7794 5290
7795 5250
7796 5137
7797 2754
7907 1691
7908 5952
7909 5827
7910 6183
7911 5792
7912 5822
7913 5050
7914 5327
7915 5016
7916 5122
7917 4814
7918 2684
8028 1581
8029 5688
8030 5639
8031 5992
8032 5836
8033 5540
8034 4825
8035 5437
8036 5157
8037 4851
8038 4695
8039 2592
8149 1443
8150 5746
8151 5716
8152 6058
8153 5789
8154 5464
8155 4663
8156 5127
8157 5013
8158 4690
8159 4810
8160 2610
8270 1167
8271 4511
8272 4462
8273 4464
8274 4412
8275 4085
8276 3319
8277 3717
8278 3408
8279 3369
8280 3374
8281 1795
8391 0
8392 0
8393 0
8394 0
8395 0
8396 0
8397 0
8398 0
8399 0
8400 0
8401 0
8402 0
