7875 0
7876 241
7877 401
7878 340
7879 317
7880 296
7881 236
7882 162
7883 94
7884 32
7885 0
7886 0
7887 0
7996 0
7997 1412
7998 2050
7999 2306
8000 2259
8001 2422
8002 2357
8003 2823
8004 2686
8005 2600
8006 2449
8007 2410
8008 255
8117 0
8118 1486
8119 2136
8120 2258
8121 2385
8122 2581
8123 2215
8124 3007
8125 2827
8126 2746
8127 2664
8128 2517
8129 274
8238 0
8239 1451
8240 2369
8241 2331
8242 2478
8243 2613
8244 2427
8245 2973
8246 2977
8247 2847
8248 2699
8249 2560
8250 280
8359 0
8360 1431
8361 2039
8362 2338
8363 2524
8364 2760
8365 2441
8366 2868
8367 2708
8368 2716
8369 2806
8370 2679
8371 276
8480 0
8481 1626
8482 2197
8483 2331
8484 2420
8485 2743
8486 2490
8487 2854
8488 2798
8489 2717
8490 2867
8491 2801
8492 246
8601 0
8602 1586
8603 2241
8604 2328
8605 2384
8606 2508
8607 2322
8608 2530
8609 2643
8610 2905
8611 2838
8612 2748
8613 202
8722 0
8723 1364
8724 1885
8725 2002
8726 2067
8727 2341
8728 1636
8729 1807
8730 1943
8731 1988
8732 2053
8733 2095
8734 345
8843 0
8844 1595
8845 2225
8846 2353
8847 2508
8848 2545
8849 1862
8850 1940
8851 2051
8852 2133
8853 2177
8854 2187
8855 452
8964 0
8965 1568
8966 2143
8967 2365
8968 2537
8969 2484
8970 1945
8971 2072
8972 2147
8973 2048
8974 2145
8975 2231
8976 439
9085 0
9086 1488
9087 2074
9088 2225
9089 2393
9090 2459
9091 1762
9092 2022
9093 2124
9094 2197
9095 2216
9096 2227
9097 454
9206 0
9207 1500
9208 2022
9209 2180
9210 2302
9211 2444
9212 1842
9213 2080
9214 2069
9215 2241
9216 2236
9217 2349
9218 473
9327 0
9328 1384
9329 1884
9330 2066
9331 2166
9332 2387
9333 1825
9334 2031
9335 2146
9336 2131
9337 2309
9338 2423
9339 521
9448 0
9449 556
9450 909
9451 905
9452 927
9453 997
9454 712
9455 758
9456 737
9457 661
9458 671
9459 613
9460 85
