1106 212
1107 943
1108 922
1109 942
1110 983
1111 1080
1112 1002
1113 1099
1114 1116
1115 1241
1116 1248
1117 781
1118 0
1227 201
1228 989
1229 950
1230 985
1231 968
1232 1010
1233 971
1234 1084
1235 1137
1236 1085
1237 1158
1238 756
1239 0
1348 195
1349 984
1350 963
1351 987
1352 959
1353 1016
1354 951
1355 1108
1356 1141
1357 1254
1358 1195
1359 744
1360 0
1469 231
1470 1009
1471 1033
1472 1029
1473 999
1474 1064
1475 967
1476 1157
1477 1157
1478 1197
1479 1242
1480 783
1481 0
1590 194
1591 1023
1592 1023
1593 981
1594 1031
1595 1121
1596 948
1597 1132
1598 1097
1599 1156
1600 1160
1601 775
1602 0
1711 146
1712 859
1713 803
1714 808
1715 824
1716 776
1717 658
1718 779
1719 697
1720 767
1721 803
1722 494
1723 0
1832 0
1833 0
1834 0
1835 0
1836 0
1837 0
1838 0
1839 0
1840 0
1841 0
1842 0
1843 0
1844 0
259 84
260 359
261 349
262 352
263 365
264 303
265 294
266 400
267 388
268 380
269 367
270 253
271 0
380 150
381 677
382 666
383 697
384 584
385 672
386 720
387 891
388 922
389 966
390 932
391 633
392 0
501 175
502 674
503 644
504 677
505 674
506 733
507 776
508 940
509 910
510 1000
511 954
512 704
513 0
622 174
623 676
624 726
625 687
626 665
627 712
628 826
629 962
630 949
631 982
632 1039
633 708
634 0
743 206
744 701
745 704
746 718
747 672
748 753
749 828
750 1080
751 1032
752 1082
753 1099
754 710
755 0
864 216
865 719
866 715
867 775
868 721
869 767
870 811
871 1042
872 1034
873 1073
874 1029
875 618
876 0
985 226
986 732
987 747
988 667
989 763
990 764
991 742
992 915
993 916
994 959
995 1072
996 522
997 0
