6223 0
6224 2176
6225 2337
6226 2182
6227 1816
6228 1772
6229 1995
6230 2081
6231 1782
6232 1584
6233 1417
6234 1068
6235 0
6344 0
6345 4508
6346 5359
6347 4860
6348 4793
6349 4659
6350 5247
6351 4826
6352 4440
6353 4302
6354 4092
6355 3347
6356 0
6465 0
6466 4609
6467 5315
6468 5094
6469 4974
6470 4814
6471 4982
6472 4656
6473 4033
6474 3917
6475 3784
6476 3000
6477 0
6586 0
6587 4691
6588 5044
6589 4697
6590 4799
6591 4772
6592 4657
6593 4281
6594 4069
6595 3734
6596 3468
6597 2761
6598 0
6707 0
6708 4448
6709 4890
6710 4785
6711 4551
6712 4353
6713 4700
6714 4190
6715 4135
6716 4004
6717 3222
6718 3032
6719 0
6828 0
6829 4235
6830 4877
6831 4583
6832 4456
6833 4250
6834 4393
6835 4008
6836 3775
6837 3607
6838 3572
6839 2775
6840 0
6949 309
6950 4785
6951 4643
6952 4702
6953 4104
6954 4036
6955 3313
6956 3854
6957 3443
6958 3399
6959 3349
6960 2679
6961 0
7070 284
7071 4758
7072 4740
7073 4901
7074 4034
7075 3888
7076 3368
7077 3925
7078 3756
7079 3887
7080 3824
7081 3019
7082 0
7191 324
7192 4513
7193 4128
7194 4052
7195 3876
7196 4223
7197 3705
7198 4096
7199 4124
7200 3975
7201 3654
7202 2948
7203 0
7312 259
7313 4442
7314 4137
7315 4272
7316 4332
7317 4092
7318 3741
7319 4227
7320 4001
7321 3748
7322 3331
7323 2599
7324 0
7433 215
7434 4487
7435 4423
7436 4449
7437 4288
7438 4019
7439 3490
7440 4202
7441 3927
7442 3856
7443 2912
7444 2578
7445 0
7554 89
7555 2379
7556 2126
7557 2143
7558 2163
7559 1935
7560 1519
7561 1820
7562 1625
7563 1133
7564 1953
7565 850
7566 0
