8390 0
8391 2833
8392 3074
8393 3005
8394 2879
8395 2626
8396 2437
8397 2415
8398 2165
8399 2107
8400 2018
8401 1571
8402 0
8511 0
8512 4482
8513 5049
8514 5012
8515 4969
8516 4741
8517 4486
8518 4242
8519 4028
8520 3786
8521 4022
8522 3272
8523 0
8632 0
8633 4167
8634 5015
8635 4939
8636 5004
8637 4679
8638 4331
8639 4160
8640 3809
8641 3557
8642 3724
8643 2943
8644 0
8753 0
8754 4263
8755 4766
8756 4863
8757 4717
8758 4287
8759 4107
8760 3767
8761 3823
8762 3652
8763 3227
8764 2986
8765 0
8874 0
8875 4260
8876 4358
8877 4628
8878 4883
8879 4026
8880 4025
8881 3800
8882 3405
8883 3510
8884 3256
8885 2746
8886 0
8995 0
8996 4352
8997 4355
8998 4158
8999 4590
9000 4424
9001 3892
9002 3773
9003 3759
9004 2861
9005 3214
9006 2564
9007 0
9116 350
9117 3600
9118 4246
9119 3663
9120 3953
9121 3859
9122 2668
9123 3059
9124 3098
9125 2396
9126 2637
9127 2167
9128 0
9237 315
9238 4306
9239 4682
9240 3992
9241 3439
9242 3902
9243 2807
9244 2804
9245 3336
9246 3327
9247 2806
9248 2639
9249 0
9358 271
9359 3218
9360 3800
9361 4043
9362 3698
9363 3732
9364 3072
9365 3162
9366 3304
9367 2600
9368 2572
9369 2018
9370 0
9479 174
9480 3198
9481 3735
9482 3833
9483 3525
9484 3557
9485 3050
9486 3061
9487 2652
9488 2038
9489 2695
9490 2141
9491 0
9600 157
9601 3130
9602 3602
9603 3382
9604 3330
9605 3122
9606 2533
9607 3098
9608 3455
9609 2248
9610 2966
9611 1993
9612 0
9721 121
9722 2428
9723 2735
9724 2505
9725 2325
9726 1825
9727 2101
9728 2895
9729 2332
9730 1437
9731 1530
9732 1291
9733 0
9842 0
9843 0
9844 0
9845 0
9846 0
9847 0
9848 0
9849 0
9850 0
9851 0
9852 0
9853 0
9854 0
