10377 12
10378 76
10379 31
10380 27
10381 8
10382 0
10383 0
10384 0
10385 0
10386 0
10387 0
10388 0
10389 0
10498 146
10499 1219
10500 1214
10501 1219
10502 1119
10503 1119
10504 1199
10505 1462
10506 1112
10507 1196
10508 1199
10509 968
10510 0
10619 180
10620 1157
10621 1236
10622 1168
10623 1187
10624 1104
10625 1145
10626 1418
10627 1330
10628 1383
10629 1507
10630 1040
10631 0
10740 176
10741 1287
10742 1274
10743 1135
10744 1130
10745 1106
10746 1170
10747 1374
10748 1282
10749 1325
10750 1347
10751 1064
10752 0
10861 253
10862 1235
10863 1334
10864 1079
10865 1056
10866 1009
10867 1120
10868 1417
10869 1348
10870 1375
10871 1409
10872 1029
10873 0
10982 184
10983 1055
10984 1050
10985 925
10986 870
10987 849
10988 1083
10989 1278
10990 1243
10991 1222
10992 1314
10993 902
10994 0
11103 210
11104 1769
11105 1611
11106 1590
11107 1437
11108 1453
11109 1285
11110 1521
11111 1539
11112 1427
11113 1519
11114 1118
11115 0
11224 210
11225 1619
11226 1557
11227 1568
11228 1501
11229 1484
11230 1310
11231 1403
11232 1433
11233 1441
11234 1440
11235 1111
11236 0
11345 177
11346 1622
11347 1575
11348 1499
11349 1504
11350 1409
11351 1242
11352 1472
11353 1425
11354 1420
11355 1470
11356 1130
11357 0
11466 228
11467 1548
11468 1572
11469 1491
11470 1474
11471 1441
11472 1293
11473 1453
11474 1486
11475 1494
11476 1560
11477 1104
11478 0
11587 127
11588 1254
11589 1251
11590 1342
11591 1335
11592 1164
11593 991
11594 1122
11595 1058
11596 1056
11597 988
11598 758
11599 0
11708 0
11709 0
11710 0
11711 0
11712 0
11713 0
11714 0
11715 0
11716 0
11717 0
11718 0
11719 0
11720 0
