11556 50
11557 678
11558 620
11559 555
11560 539
11561 488
11562 518
11563 779
11564 862
11565 813
11566 924
11567 718
11568 0
11677 97
11678 1039
11679 1008
11680 1005
11681 955
11682 949
11683 1014
11684 1587
11685 1664
11686 1907
11687 2092
11688 1692
11689 0
11798 123
11799 998
11800 941
11801 939
11802 993
11803 999
11804 1099
11805 1401
11806 1503
11807 1864
11808 1807
11809 1540
11810 0
11919 137
11920 1004
11921 966
11922 900
11923 904
11924 980
11925 1059
11926 1440
11927 1609
11928 1597
11929 1524
11930 1352
11931 0
12040 131
12041 900
12042 963
12043 882
12044 1099
12045 907
12046 1096
12047 1592
12048 1653
12049 1710
12050 1527
12051 1261
12052 0
12161 117
12162 909
12163 959
12164 989
12165 1012
12166 948
12167 1060
12168 1293
12169 1411
12170 1230
12171 1286
12172 1101
12173 0
12282 97
12283 1496
12284 1479
12285 1662
12286 1649
12287 1543
12288 1432
12289 1574
12290 1484
12291 1462
12292 1762
12293 1315
12294 0
12403 85
12404 1434
12405 1493
12406 1555
12407 1629
12408 1512
12409 1291
12410 1652
12411 1566
12412 1533
12413 1459
12414 1293
12415 0
12524 65
12525 1324
12526 1461
12527 1382
12528 1448
12529 1448
12530 1243
12531 1480
12532 1560
12533 1610
12534 1600
12535 1346
12536 0
12645 37
12646 1277
12647 1351
12648 1444
12649 1549
12650 1444
12651 1409
12652 1476
12653 1537
12654 1826
12655 1567
12656 1406
12657 0
12766 25
12767 1277
12768 1387
12769 1427
12770 1505
12771 1808
12772 1074
12773 1487
12774 1533
12775 1656
12776 1627
12777 1405
12778 0
12887 3
12888 145
12889 162
12890 153
12891 143
12892 73
12893 70
12894 97
12895 58
12896 41
12897 22
12898 6
12899 0
