1399 290
1400 1264
1401 1316
1402 1253
1403 1121
1404 1068
1405 772
1406 1090
1407 1094
1408 973
1409 927
1410 709
1411 0
1520 652
1521 2349
1522 2542
1523 2354
1524 2186
1525 2312
1526 1563
1527 2180
1528 2168
1529 2090
1530 2046
1531 1501
1532 0
1641 777
1642 2615
1643 2676
1644 2576
1645 2554
1646 2371
1647 1588
1648 2410
1649 2429
1650 2271
1651 2299
1652 1458
1653 0
1762 932
1763 2757
1764 2813
1765 2620
1766 2326
1767 2867
1768 1718
1769 2492
1770 2524
1771 2372
1772 2325
1773 1660
1774 0
1883 1022
1884 3131
1885 2859
1886 2756
1887 2593
1888 2397
1889 1710
1890 2578
1891 2590
1892 2513
1893 2531
1894 1736
1895 0
2004 799
2005 2883
2006 2854
2007 2946
2008 2499
2009 2966
2010 1642
2011 2367
2012 2294
2013 2344
2014 2266
2015 1644
2016 0
2125 426
2126 2913
2127 3090
2128 2988
2129 2775
2130 2587
2131 2208
2132 2705
2133 2737
2134 2641
2135 2664
2136 1849
2137 0
2246 424
2247 2652
2248 3031
2249 2932
2250 2960
2251 2915
2252 2517
2253 2762
2254 2631
2255 2636
2256 2601
2257 1835
2258 0
2367 397
2368 2931
2369 2886
2370 3298
2371 3091
2372 2987
2373 2716
2374 2922
2375 2774
2376 2732
2377 2918
2378 1870
2379 0
2488 338
2489 2920
2490 3116
2491 2914
2492 3221
2493 3103
2494 2521
2495 2938
2496 2852
2497 2910
2498 2809
2499 1952
2500 0
2609 317
2610 2840
2611 2796
2612 2860
2613 2442
2614 2656
2615 2294
2616 2495
2617 2339
2618 2215
2619 2188
2620 1470
2621 0
2730 0
2731 0
2732 0
2733 0
2734 0
2735 0
2736 0
2737 0
2738 0
2739 0
2740 0
2741 0
