3319 58
3320 553
3321 531
3322 492
3323 431
3324 319
3325 132
3326 40
3327 0
3328 0
3329 0
3330 0
3440 472
3441 4050
3442 4186
3443 4328
3444 4485
3445 4311
3446 4132
3447 3501
3448 3765
3449 3614
3450 3456
3451 1839
3561 577
3562 4430
3563 4181
3564 4368
3565 4306
3566 4270
3567 4292
3568 4085
3569 3770
3570 3726
3571 3882
3572 1905
3682 714
3683 4451
3684 4400
3685 4457
3686 4536
3687 4694
3688 4367
3689 4065
3690 4367
3691 4245
3692 3932
3693 1937
3803 740
3804 4713
3805 4808
3806 4712
3807 4756
3808 4468
3809 4631
3810 4595
3811 4375
3812 4197
3813 4138
3814 2068
3924 666
3925 4140
3926 4691
3927 4928
3928 4552
3929 4629
3930 4819
3931 4673
3932 4371
3933 4080
3934 4395
3935 2145
4045 974
4046 3858
4047 3807
4048 4017
4049 3780
4050 4018
4051 3619
4052 3947
4053 3844
4054 3749
4055 3799
4056 2019
4166 1444
4167 4131
4168 4363
4169 4622
4170 4718
4171 4338
4172 3911
4173 4452
4174 4707
4175 4606
4176 4500
4177 2289
4287 1501
4288 4147
4289 4398
4290 4447
4291 4635
4292 4571
4293 3903
4294 4532
4295 4565
4296 4601
4297 4591
4298 2275
4408 1632
4409 4065
4410 4362
4411 4407
4412 4571
4413 4418
4414 3924
4415 4353
4416 4414
4417 4583
4418 4651
4419 2218
4529 1324
4530 3800
4531 4068
4532 4515
4533 4647
4534 4482
4535 3957
4536 4465
4537 4437
4538 4632
4539 4306
4540 2164
4650 1177
4651 3573
4652 4020
4653 4112
4654 4029
4655 3971
4656 3530
4657 3927
4658 3835
4659 3338
4660 3009
4661 1690
4771 0
4772 0
4773 0
4774 0
4775 0
4776 0
4777 0
4778 0
4779 0
4780 0
4781 0
4782 0
