4529 0
4530 0
4531 0
4532 0
4533 0
4534 0
4535 0
4536 0
4537 0
4538 0
4539 0
4540 0
4650 1208
4651 3494
4652 3859
4653 3891
4654 3781
4655 3389
4656 3563
4657 4262
4658 4023
4659 3728
4660 3297
4661 1888
4771 1161
4772 4113
4773 4043
4774 3875
4775 3909
4776 4306
4777 4009
4778 4463
4779 4697
4780 4265
4781 4559
4782 2045
4892 1520
4893 4338
4894 3868
4895 4345
4896 4123
4897 4331
4898 3994
4899 4655
4900 3969
4901 4561
4902 4600
4903 2366
5013 1557
5014 4270
5015 4495
5016 4421
5017 4475
5018 4141
5019 4056
5020 4514
5021 4678
5022 4636
5023 4612
5024 2227
5134 1683
5135 4438
5136 4439
5137 4642
5138 4707
5139 4424
5140 4115
5141 4688
5142 4742
5143 4485
5144 4479
5145 2044
5255 1746
5256 3897
5257 3573
5258 4192
5259 4646
5260 4073
5261 3759
5262 3934
5263 3990
5264 3940
5265 3712
5266 1707
5376 1982
5377 4495
5378 4226
5379 4931
5380 5037
5381 4505
5382 4183
5383 4475
5384 4752
5385 4508
5386 4391
5387 2108
5497 1846
5498 4770
5499 5042
5500 5094
5501 5028
5502 5039
5503 4370
5504 4645
5505 4560
5506 4595
5507 4340
5508 2033
5618 1907
5619 4890
5620 5371
5621 5283
5622 5357
5623 5073
5624 4522
5625 4944
5626 4549
5627 4533
5628 4361
5629 2052
5739 2084
5740 5354
5741 5317
5742 5372
5743 5183
5744 5064
5745 4580
5746 5061
5747 5043
5748 4573
5749 4344
5750 1919
5860 1960
5861 5174
5862 5254
5863 5115
5864 5374
5865 5085
5866 4346
5867 4831
5868 4661
5869 4217
5870 3871
5871 1748
5981 60
5982 142
5983 77
5984 23
5985 0
5986 0
5987 0
5988 0
5989 0
5990 0
5991 0
5992 0
