4136 0
4137 0
4138 0
4139 0
4140 0
4141 0
4142 0
4143 0
4144 0
4145 0
4146 0
4147 0
4148 0
4257 0
4258 672
4259 1011
4260 1156
4261 1104
4262 1134
4263 1069
4264 1718
4265 1738
4266 1886
4267 2122
4268 2117
4269 461
4378 0
4379 859
4380 1242
4381 1316
4382 1462
4383 1519
4384 1304
4385 2039
4386 2119
4387 2426
4388 2618
4389 2452
4390 534
4499 0
4500 923
4501 1328
4502 1399
4503 1573
4504 1480
4505 1366
4506 2042
4507 2295
4508 2510
4509 2705
4510 2618
4511 551
4620 0
4621 964
4622 1405
4623 1368
4624 1586
4625 1499
4626 1378
4627 2109
4628 2227
4629 2372
4630 2670
4631 2764
4632 558
4741 0
4742 945
4743 1411
4744 1426
4745 1584
4746 1468
4747 1440
4748 2166
4749 2288
4750 2429
4751 2581
4752 2711
4753 544
4862 0
4863 996
4864 1392
4865 1501
4866 1462
4867 1589
4868 1541
4869 2193
4870 2503
4871 2481
4872 2690
4873 2780
4874 535
4983 0
4984 1161
4985 1821
4986 1979
4987 1929
4988 2080
4989 1740
4990 1964
4991 2074
4992 2258
4993 2375
4994 2299
4995 493
5104 0
5105 1193
5106 1833
5107 2060
5108 2078
5109 2102
5110 1831
5111 2312
5112 2493
5113 2536
5114 2673
5115 2748
5116 543
5225 0
5226 1215
5227 1911
5228 2003
5229 2108
5230 2059
5231 1802
5232 2449
5233 2416
5234 2616
5235 2696
5236 2782
5237 584
5346 0
5347 1128
5348 1905
5349 2137
5350 2060
5351 2042
5352 1937
5353 2409
5354 2552
5355 2599
5356 2728
5357 2829
5358 558
5467 0
5468 1223
5469 1935
5470 2078
5471 2261
5472 2248
5473 2010
5474 2557
5475 2652
5476 2702
5477 2771
5478 2867
5479 640
5588 0
5589 1208
5590 1986
5591 2070
5592 2130
5593 2350
5594 2007
5595 2479
5596 2683
5597 2779
5598 2891
5599 2947
5600 606
5709 0
5710 205
5711 316
5712 319
5713 320
5714 262
5715 209
5716 221
5717 176
5718 120
5719 79
5720 22
5721 0
