2111 72
2112 725
2113 465
2114 491
2115 585
2116 508
2117 429
2118 615
2119 609
2120 563
2121 476
2122 333
2123 0
2232 381
2233 3212
2234 4041
2235 3248
2236 3394
2237 3583
2238 2384
2239 3471
2240 3459
2241 3531
2242 3419
2243 2804
2244 0
2353 427
2354 3212
2355 3106
2356 3286
2357 3521
2358 3794
2359 2633
2360 3621
2361 3597
2362 3479
2363 3224
2364 2944
2365 0
2474 551
2475 3816
2476 3595
2477 3628
2478 3546
2479 3820
2480 2668
2481 3938
2482 3683
2483 3759
2484 3856
2485 2961
2486 0
2595 649
2596 3879
2597 3712
2598 3636
2599 3893
2600 4009
2601 2659
2602 3626
2603 3337
2604 3363
2605 3742
2606 3331
2607 0
2716 644
2717 4095
2718 3691
2719 3867
2720 4074
2721 4164
2722 2710
2723 3610
2724 3453
2725 3371
2726 3839
2727 3291
2728 0
2837 139
2838 3478
2839 3593
2840 3590
2841 3761
2842 3799
2843 2915
2844 3441
2845 3427
2846 3212
2847 3324
2848 3024
2849 0
2958 0
2959 3316
2960 3815
2961 3661
2962 4064
2963 4099
2964 3437
2965 4260
2966 4253
2967 4039
2968 3960
2969 3362
2970 0
3079 0
3080 3637
3081 3804
3082 3969
3083 4093
3084 4150
3085 3521
3086 4309
3087 4270
3088 4170
3089 3844
3090 3436
3091 0
3200 0
3201 3794
3202 4095
3203 4055
3204 4165
3205 4152
3206 3380
3207 4399
3208 4396
3209 4376
3210 4002
3211 3131
3212 0
3321 0
3322 3984
3323 4163
3324 4253
3325 4119
3326 4101
3327 3558
3328 4313
3329 4433
3330 4214
3331 4198
3332 3709
3333 0
3442 0
3443 2803
3444 3029
3445 2840
3446 2761
3447 2736
3448 2243
3449 2646
3450 2588
3451 2524
3452 2257
3453 1945
3454 0
3563 0
3564 0
3565 0
3566 0
3567 0
3568 0
3569 0
3570 0
3571 0
3572 0
3573 0
3574 0
3575 0
