10000 2392
10001 2408
10002 2421
10003 2667
10004 643
10114 1394
10115 1873
10116 2049
10117 1865
10118 1858
10119 1461
10120 2146
10121 2402
10122 2311
10123 2476
10124 2555
10125 592
10235 763
10236 1048
10237 1039
10238 946
10239 762
10240 772
10241 977
10242 1024
10243 1209
10244 988
10245 1010
10246 264
8904 0
8905 0
8906 0
8907 0
8908 0
8909 0
8910 0
8911 0
8912 0
8913 0
8914 0
8915 0
9025 1245
9026 1755
9027 1574
9028 1647
9029 1574
9030 1385
9031 1502
9032 1373
9033 1255
9034 1960
9035 1082
9036 192
9146 1556
9147 2005
9148 1908
9149 1879
9150 1872
9151 1818
9152 1847
9153 1867
9154 1872
9155 1317
9156 1419
9157 302
9267 1564
9268 1909
9269 1946
9270 1990
9271 1936
9272 1562
9273 1802
9274 1892
9275 1932
9276 1680
9277 1468
9278 187
9388 1487
9389 1956
9390 1947
9391 1834
9392 1941
9393 1559
9394 1926
9395 1979
9396 1938
9397 1960
9398 1833
9399 204
9509 1479
9510 2065
9511 2013
9512 1951
9513 1831
9514 1569
9515 1881
9516 1839
9517 1903
9518 1962
9519 1968
9520 234
9630 1378
9631 1694
9632 1665
9633 1669
9634 1632
9635 1296
9636 1897
9637 1956
9638 2028
9639 2198
9640 2132
9641 397
9751 1367
9752 1822
9753 1863
9754 1832
9755 1892
9756 1493
9757 2225
9758 2281
9759 2329
9760 2284
9761 2372
9762 523
9872 1214
9873 2002
9874 1901
9875 1976
9876 2047
9877 1510
9878 2180
9879 2242
9880 2226
9881 2341
9882 2508
9883 545
9993 1398
9994 1908
9995 1813
9996 1856
9997 1820
9998 1423
9999 2228
