4975 0
4976 0
4977 0
4978 0
4979 0
4980 0
4981 0
4982 0
4983 0
4984 0
4985 0
4986 0
5096 385
5097 978
5098 968
5099 909
5100 932
5101 974
5102 1151
5103 1329
5104 1359
5105 1378
5106 1352
5107 761
5217 510
5218 1201
5219 1135
5220 1169
5221 1256
5222 1273
5223 1402
5224 1804
5225 1903
5226 1933
5227 2052
5228 1121
5338 524
5339 1209
5340 1173
5341 1167
5342 1307
5343 1278
5344 1505
5345 1855
5346 1902
5347 1960
5348 2162
5349 1160
5459 522
5460 1228
5461 1218
5462 1255
5463 1248
5464 1213
5465 1642
5466 1974
5467 1793
5468 2072
5469 2082
5470 1089
5580 595
5581 1240
5582 1277
5583 1278
5584 1276
5585 1227
5586 1790
5587 1721
5588 2018
5589 2014
5590 2154
5591 1129
5701 576
5702 1224
5703 1262
5704 1278
5705 1440
5706 1218
5707 1754
5708 2065
5709 2082
5710 2018
5711 2120
5712 1095
5822 569
5823 1371
5824 1373
5825 1463
5826 1579
5827 1513
5828 1540
5829 1599
5830 1852
5831 1721
5832 1943
5833 938
5943 635
5944 1769
5945 1929
5946 1879
5947 1852
5948 1842
5949 1560
5950 2008
5951 1967
5952 2192
5953 2297
5954 1131
6064 611
6065 1708
6066 1731
6067 1802
6068 1959
6069 1937
6070 1804
6071 1977
6072 2282
6073 2302
6074 2219
6075 1201
6185 709
6186 1841
6187 1977
6188 1800
6189 2055
6190 2029
6191 1845
6192 2189
6193 2310
6194 2267
6195 2470
6196 1142
6306 579
6307 1984
6308 1974
6309 1969
6310 1940
6311 2004
6312 1905
6313 2263
6314 2284
6315 2322
6316 2315
6317 1180
6427 606
6428 1886
6429 2025
6430 2076
6431 2015
6432 2113
6433 1881
6434 2092
6435 2243
6436 2384
6437 2445
6438 1228
6548 382
6549 1154
6550 1186
6551 1158
6552 1217
6553 1201
6554 1028
6555 984
6556 1144
6557 1160
6558 1114
6559 542
6669 0
6670 0
6671 0
6672 0
6673 0
6674 0
6675 0
6676 0
6677 0
6678 0
6679 0
6680 0
