11162 0
11163 0
11164 0
11165 0
11166 0
11167 0
11168 0
11169 0
11170 0
11171 0
11172 0
11173 0
11174 0
11283 0
11284 2113
11285 2315
11286 2443
11287 2500
11288 2548
11289 2128
11290 2183
11291 2076
11292 1902
11293 1708
11294 1493
11295 0
11404 0
11405 2738
11406 3012
11407 3007
11408 3031
11409 3193
11410 2636
11411 2757
11412 2720
11413 2819
11414 2762
11415 2378
11416 0
11525 0
11526 2598
11527 2828
11528 2903
11529 3010
11530 2893
11531 2312
11532 2695
11533 2566
11534 2495
11535 2342
11536 2160
11537 0
11646 0
11647 2683
11648 2612
11649 2640
11650 2541
11651 2528
11652 2232
11653 2258
11654 2205
11655 2121
11656 2126
11657 2013
11658 0
11767 0
11768 2224
11769 2544
11770 2499
11771 2326
11772 2224
11773 1902
11774 1995
11775 1961
11776 1896
11777 1906
11778 1725
11779 0
11888 0
11889 2020
11890 2196
11891 2170
11892 1911
11893 1825
11894 1507
11895 1723
11896 1829
11897 1739
11898 1697
11899 1478
11900 0
12009 0
12010 1446
12011 1651
12012 1732
12013 1385
12014 1382
12015 1004
12016 1155
12017 1172
12018 1157
12019 1199
12020 1159
12021 0
12130 0
12131 1409
12132 1526
12133 1528
12134 1474
12135 1451
12136 1112
12137 1212
12138 1284
12139 1219
12140 1233
12141 1287
12142 0
12251 0
12252 1140
12253 1261
12254 1202
12255 1292
12256 1238
12257 965
12258 1187
12259 1098
12260 1372
12261 1095
12262 1193
12263 0
12372 0
12373 1073
12374 1115
12375 1186
12376 1201
12377 1242
12378 902
12379 1113
12380 1118
12381 1071
12382 1102
12383 1160
12384 0
12493 0
12494 954
12495 1029
12496 1073
12497 1112
12498 1130
12499 845
12500 1070
12501 1138
12502 981
12503 1032
12504 1016
12505 0
12614 0
12615 865
12616 945
12617 962
12618 1049
12619 1076
12620 788
12621 883
12622 938
12623 915
12624 869
12625 948
12626 10
12735 0
12736 33
12737 37
12738 35
12739 23
12740 5
12741 1
12742 0
12743 0
12744 0
12745 0
12746 0
12747 0
