7851 27
7852 213
7853 199
7854 194
7855 181
7856 301
7857 99
7858 121
7859 92
7860 105
7861 75
7862 52
7863 0
7972 219
7973 1198
7974 1234
7975 1273
7976 1227
7977 1296
7978 1096
7979 1392
7980 1332
7981 1422
7982 1371
7983 940
7984 0
8093 235
8094 1239
8095 1243
8096 1260
8097 1288
8098 1334
8099 1179
8100 1343
8101 1365
8102 1324
8103 1318
8104 846
8105 0
8214 246
8215 1271
8216 1160
8217 1342
8218 1247
8219 1267
8220 1188
8221 1340
8222 1295
8223 1323
8224 1278
8225 842
8226 0
8335 223
8336 1170
8337 1195
8338 1233
8339 1226
8340 1244
8341 1160
8342 1414
8343 1262
8344 1238
8345 1300
8346 818
8347 0
8456 229
8457 963
8458 1048
8459 1046
8460 1049
8461 1089
8462 917
8463 1172
8464 1095
8465 1084
8466 1059
8467 726
8468 0
8577 249
8578 1240
8579 1193
8580 1203
8581 1224
8582 1280
8583 1125
8584 1329
8585 1296
8586 1225
8587 1271
8588 897
8589 0
8698 242
8699 1255
8700 1225
8701 1310
8702 1312
8703 1355
8704 1120
8705 1195
8706 1254
8707 1303
8708 1161
8709 839
8710 0
8819 217
8820 1241
8821 1203
8822 1251
8823 1260
8824 1323
8825 1090
8826 1287
8827 1305
8828 1227
8829 1276
8830 899
8831 0
8940 198
8941 1206
8942 1136
8943 1254
8944 1272
8945 1369
8946 1076
8947 1268
8948 1272
8949 1214
8950 1197
8951 811
8952 0
9061 66
9062 307
9063 333
9064 336
9065 348
9066 296
9067 321
9068 358
9069 334
9070 327
9071 292
9072 194
9073 0
