10819 105
10820 1070
10821 970
10822 848
10823 892
10824 941
10825 800
10826 747
10827 794
10828 613
10829 642
10830 419
10831 0
10940 258
10941 1746
10942 1631
10943 1500
10944 1796
10945 1682
10946 1369
10947 1584
10948 1559
10949 1350
10950 1342
10951 978
10952 0
11061 284
11062 1729
11063 1605
11064 1580
11065 1542
11066 1600
11067 1285
11068 1463
11069 1362
11070 1345
11071 1286
11072 846
11073 0
11182 312
11183 1787
11184 1637
11185 1702
11186 1609
11187 1483
11188 1263
11189 1430
11190 1292
11191 1285
11192 1223
11193 789
11194 0
11303 364
11304 1815
11305 1731
11306 1644
11307 1537
11308 1520
11309 1219
11310 1417
11311 1289
11312 1333
11313 1155
11314 777
11315 0
11424 310
11425 1560
11426 1411
11427 1369
11428 1358
11429 1375
11430 1094
11431 1235
11432 1109
11433 1099
11434 1166
11435 738
11436 0
11545 334
11546 1654
11547 1707
11548 1382
11549 1446
11550 1287
11551 1069
11552 1377
11553 1211
11554 1255
11555 1225
11556 854
11557 0
11666 298
11667 1583
11668 1459
11669 1417
11670 1401
11671 1211
11672 998
11673 1213
11674 1180
11675 1298
11676 1181
11677 879
11678 0
11787 278
11788 1217
11789 1799
11790 1403
11791 1395
11792 1323
11793 936
11794 1335
11795 1315
11796 1264
11797 1217
11798 862
11799 0
11908 223
11909 1314
11910 1106
11911 1273
11912 1370
11913 1116
11914 958
11915 1161
11916 1226
11917 1319
11918 1160
11919 909
11920 0
12029 220
12030 1326
12031 1344
12032 1239
12033 1201
12034 1234
12035 948
12036 1083
12037 1132
12038 1031
12039 1162
12040 875
12041 0
12150 54
12151 596
12152 639
12153 534
12154 613
12155 606
12156 377
12157 435
12158 365
12159 304
12160 386
12161 252
12162 0
