10062 0
10063 2084
10064 2692
10065 3074
10066 3159
10067 2965
10068 2714
10069 3053
10070 3041
10071 3292
10072 3184
10073 2783
10074 0
10183 0
10184 2572
10185 3036
10186 3053
10187 3125
10188 3211
10189 2814
10190 3285
10191 3340
10192 3224
10193 3163
10194 2907
10195 0
10304 0
10305 2551
10306 2819
10307 2985
10308 3048
10309 3128
10310 2806
10311 3200
10312 3167
10313 3115
10314 3128
10315 3035
10316 0
10425 0
10426 2610
10427 2857
10428 2926
10429 3117
10430 3171
10431 2834
10432 3348
10433 3330
10434 3099
10435 3325
10436 3072
10437 0
10546 0
10547 2064
10548 2337
10549 2409
10550 2593
10551 2622
10552 2255
10553 2665
10554 2646
10555 2775
10556 2629
10557 2563
10558 0
10667 0
10668 2317
10669 2781
10670 2765
10671 2933
10672 3028
10673 2666
10674 3420
10675 3474
10676 3524
10677 3474
10678 3317
10679 0
10788 0
10789 1995
10790 2400
10791 2609
10792 2802
10793 2971
10794 2681
10795 3314
10796 3361
10797 3476
10798 3447
10799 3281
10800 0
10909 0
10910 2052
10911 2276
10912 2689
10913 2684
10914 2907
10915 2494
10916 3320
10917 3267
10918 3409
10919 3550
10920 3398
10921 0
11030 0
11031 2027
11032 1958
11033 2521
11034 2626
11035 2673
11036 2494
11037 3180
11038 3151
11039 2952
11040 3318
11041 3296
11042 0
11151 0
11152 1869
11153 2247
11154 2347
11155 2496
11156 2588
11157 2376
11158 2930
11159 3290
11160 3377
11161 3193
11162 3175
11163 0
11272 0
11273 1487
11274 1714
11275 1809
11276 1810
11277 1932
11278 1789
11279 2395
11280 2379
11281 2442
11282 2492
11283 2360
11284 0
11393 0
11394 0
11395 0
11396 0
11397 0
11398 0
11399 0
11400 0
11401 0
11402 0
11403 0
11404 0
11405 0
9820 0
9821 1177
9822 1380
9823 1363
9824 1088
9825 605
9826 906
9827 956
9828 924
9829 854
9830 763
9831 649
9832 0
9941 0
9942 2544
9943 2897
9944 3438
9945 2902
9946 3351
9947 2766
9948 3099
9949 3112
9950 3291
9951 3266
9952 3037
9953 0
