8379 0
8380 0
8381 0
8382 0
8383 0
8384 0
8385 0
8386 0
8387 0
8388 0
8389 0
8390 0
8391 0
8500 353
8501 2491
8502 2399
8503 2294
8504 2508
8505 2590
8506 2455
8507 2698
8508 2639
8509 3007
8510 2999
8511 2083
8512 0
8621 476
8622 3381
8623 3473
8624 3524
8625 3703
8626 3888
8627 3328
8628 4152
8629 4111
8630 4476
8631 4729
8632 3399
8633 0
8742 515
8743 3255
8744 3434
8745 3513
8746 3745
8747 3559
8748 3279
8749 4156
8750 4281
8751 4458
8752 4390
8753 3235
8754 0
8863 579
8864 3245
8865 3300
8866 3493
8867 3628
8868 3551
8869 3280
8870 4030
8871 4153
8872 4643
8873 4598
8874 3094
8875 0
8984 678
8985 3284
8986 3306
8987 3386
8988 3335
8989 3524
8990 3147
8991 4023
8992 4171
8993 4496
8994 4568
8995 3165
8996 0
9105 671
9106 3300
9107 3440
9108 3469
9109 3382
9110 3830
9111 3334
9112 4046
9113 4118
9114 4332
9115 4380
9116 3233
9117 0
9226 598
9227 2932
9228 3116
9229 3194
9230 3156
9231 3502
9232 3102
9233 3384
9234 3267
9235 3527
9236 3604
9237 2396
9238 0
9347 625
9348 3111
9349 3385
9350 3272
9351 3511
9352 3543
9353 3226
9354 3669
9355 3960
9356 3988
9357 3907
9358 2386
9359 0
9468 566
9469 2937
9470 3144
9471 3093
9472 3129
9473 3687
9474 3066
9475 3580
9476 3958
9477 3934
9478 3744
9479 2250
9480 0
9589 570
9590 2913
9591 3122
9592 3277
9593 3286
9594 3455
9595 3054
9596 3767
9597 4069
9598 3791
9599 3401
9600 2249
9601 0
9710 562
9711 3132
9712 2988
9713 3082
9714 3138
9715 3079
9716 2963
9717 3883
9718 3845
9719 4031
9720 3711
9721 2483
9722 0
9831 494
9832 3063
9833 3280
9834 3057
9835 3243
9836 3257
9837 2829
9838 3638
9839 3655
9840 3695
9841 3245
9842 2344
9843 0
9952 41
9953 195
9954 130
9955 64
9956 50
9957 3
9958 3
9959 0
9960 0
9961 0
9962 0
9963 0
9964 0
