5599 0
5600 0
5601 0
5602 0
5603 0
5604 0
5605 0
5606 0
5607 0
5608 0
5609 0
5610 0
5611 0
5720 0
5721 1442
5722 2880
5723 2703
5724 2701
5725 2815
5726 3154
5727 2791
5728 2756
5729 2588
5730 2838
5731 2754
5732 429
5841 0
5842 1635
5843 3142
5844 3358
5845 3184
5846 3342
5847 3814
5848 3646
5849 3595
5850 3847
5851 3948
5852 4346
5853 557
5962 0
5963 1631
5964 3088
5965 3144
5966 3327
5967 3330
5968 3512
5969 3464
5970 3725
5971 3855
5972 4101
5973 4228
5974 475
6083 0
6084 1723
6085 3093
6086 3138
6087 3295
6088 3338
6089 3693
6090 3526
6091 3867
6092 3950
6093 4116
6094 4484
6095 506
6204 0
6205 1678
6206 3141
6207 3287
6208 3333
6209 3336
6210 3732
6211 3779
6212 3966
6213 4209
6214 4316
6215 4805
6216 496
6325 0
6326 1526
6327 2900
6328 2972
6329 2979
6330 3011
6331 3452
6332 3545
6333 3456
6334 3817
6335 4348
6336 4515
6337 404
6446 0
6447 2260
6448 3224
6449 3394
6450 3602
6451 3532
6452 3167
6453 3932
6454 4033
6455 4225
6456 4425
6457 4634
6458 454
6567 0
6568 2278
6569 3274
6570 3522
6571 3611
6572 3665
6573 3291
6574 4019
6575 4191
6576 4363
6577 4506
6578 4739
6579 460
6688 0
6689 2213
6690 3181
6691 3415
6692 3594
6693 3830
6694 3500
6695 4320
6696 4367
6697 4566
6698 4832
6699 4955
6700 468
6809 0
6810 2181
6811 3258
6812 3495
6813 3484
6814 3843
6815 3451
6816 4412
6817 4581
6818 4780
6819 5024
6820 5171
6821 502
6930 0
6931 2340
6932 3268
6933 3409
6934 3653
6935 3784
6936 3540
6937 4640
6938 4673
6939 4908
6940 5236
6941 5287
6942 509
7051 0
7052 1752
7053 2530
7054 2649
7055 2791
7056 3060
7057 2604
7058 3293
7059 3451
7060 3607
7061 3546
7062 3527
7063 400
7172 0
7173 0
7174 0
7175 0
7176 0
7177 0
7178 0
7179 0
7180 0
7181 0
7182 0
7183 0
7184 0
