4073 0
4074 190
4075 289
4076 247
4077 231
4078 206
4079 159
4080 253
4081 196
4082 176
4083 123
4084 119
4085 2
4194 0
4195 1715
4196 2000
4197 1850
4198 1929
4199 1963
4200 1610
4201 2597
4202 2744
4203 2473
4204 2661
4205 2444
4206 131
4315 0
4316 1786
4317 1701
4318 1930
4319 1817
4320 2022
4321 1742
4322 2454
4323 2488
4324 2488
4325 2431
4326 2465
4327 109
4436 0
4437 1508
4438 2805
4439 1462
4440 2030
4441 2041
4442 1643
4443 2389
4444 2530
4445 2507
4446 2341
4447 2332
4448 105
4557 0
4558 1847
4559 1574
4560 1884
4561 1813
4562 1905
4563 1531
4564 2034
4565 2293
4566 2300
4567 2361
4568 2211
4569 82
4678 0
4679 1763
4680 1764
4681 1799
4682 1765
4683 1610
4684 1185
4685 1784
4686 1945
4687 2057
4688 1967
4689 1959
4690 64
4799 0
4800 1996
4801 2419
4802 2346
4803 2293
4804 2224
4805 1825
4806 2207
4807 2269
4808 2141
4809 2214
4810 2203
4811 76
4920 0
4921 2000
4922 2432
4923 2446
4924 2467
4925 2288
4926 1886
4927 2268
4928 2102
4929 2077
4930 2042
4931 2050
4932 63
5041 0
5042 1863
5043 2246
5044 2247
5045 2320
5046 2244
5047 1964
5048 2317
5049 2089
5050 2386
5051 1918
5052 1990
5053 84
5162 0
5163 1703
5164 2068
5165 2145
5166 2064
5167 2339
5168 1834
5169 2208
5170 2102
5171 1997
5172 2092
5173 2119
5174 105
5283 0
5284 1397
5285 1876
5286 2173
5287 2050
5288 2250
5289 1645
5290 1792
5291 1855
5292 1917
5293 1947
5294 1881
5295 89
5404 0
5405 0
5406 0
5407 0
5408 0
5409 0
5410 0
5411 0
5412 0
5413 0
5414 0
5415 0
5416 0
