10909 0
10910 0
10911 0
10912 0
10913 0
10914 0
10915 0
10916 0
10917 0
10918 0
10919 0
10920 0
10921 0
11030 0
11031 1376
11032 1710
11033 1989
11034 2154
11035 2189
11036 1916
11037 2265
11038 2192
11039 2163
11040 2271
11041 2197
11042 169
11151 0
11152 1452
11153 2033
11154 2222
11155 2393
11156 2481
11157 2271
11158 2767
11159 3030
11160 3062
11161 2983
11162 3007
11163 273
11272 0
11273 1378
11274 1906
11275 2077
11276 2071
11277 2285
11278 2096
11279 2582
11280 2948
11281 2865
11282 2903
11283 2867
11284 201
11393 0
11394 1360
11395 1777
11396 1898
11397 2111
11398 2246
11399 2019
11400 2333
11401 2664
11402 2917
11403 2838
11404 2961
11405 158
11514 0
11515 1169
11516 1630
11517 1672
11518 1763
11519 1964
11520 1682
11521 2102
11522 2164
11523 2410
11524 2615
11525 2691
11526 126
11635 0
11636 1108
11637 1477
11638 1536
11639 1606
11640 1694
11641 1565
11642 2024
11643 2241
11644 2205
11645 2319
11646 2421
11647 121
11756 0
11757 845
11758 1148
11759 1123
11760 1214
11761 1209
11762 1056
11763 1282
11764 1312
11765 1302
11766 1435
11767 1380
11768 89
11877 0
11878 947
11879 1257
11880 1235
11881 1340
11882 1349
11883 1135
11884 1256
11885 1579
11886 1481
11887 1537
11888 1520
11889 66
11998 0
11999 818
12000 1106
12001 1226
12002 1226
12003 1311
12004 1016
12005 1099
12006 1202
12007 1309
12008 1271
12009 1343
12010 75
12119 0
12120 754
12121 1029
12122 991
12123 1100
12124 1155
12125 925
12126 846
12127 903
12128 935
12129 949
12130 959
12131 48
12240 0
12241 737
12242 975
12243 952
12244 1009
12245 1002
12246 773
12247 949
12248 803
12249 782
12250 853
12251 802
12252 35
12361 0
12362 620
12363 823
12364 861
12365 943
12366 983
12367 787
12368 708
12369 712
12370 734
12371 645
12372 772
12373 41
12482 0
12483 196
12484 335
12485 300
12486 301
12487 291
12488 202
12489 236
12490 218
12491 248
12492 217
12493 187
12494 6
