10043 0
10044 400
10045 562
10046 602
10047 628
10048 679
10049 622
10050 1208
10051 1210
10052 1272
10053 1456
10054 1510
10055 253
10164 0
10165 389
10166 524
10167 527
10168 650
10169 646
10170 581
10171 1149
10172 1139
10173 1286
10174 1416
10175 1396
10176 228
10285 0
10286 368
10287 471
10288 555
10289 619
10290 645
10291 597
10292 1131
10293 1151
10294 1253
10295 1361
10296 1421
10297 246
10406 0
10407 66
10408 114
10409 80
10410 90
10411 78
10412 66
10413 76
10414 55
10415 42
10416 10
10417 0
10418 0
8712 0
8713 6
8714 0
8715 0
8716 0
8717 0
8718 0
8719 0
8720 0
8721 0
8722 0
8723 0
8724 0
8833 0
8834 537
8835 796
8836 811
8837 825
8838 827
8839 697
8840 869
8841 871
8842 868
8843 843
8844 884
8845 80
8954 0
8955 557
8956 830
8957 798
8958 799
8959 905
8960 834
8961 978
8962 1003
8963 1090
8964 1097
8965 1230
8966 103
9075 0
9076 536
9077 817
9078 830
9079 928
9080 905
9081 817
9082 996
9083 1082
9084 1114
9085 1214
9086 1198
9087 83
9196 0
9197 513
9198 731
9199 808
9200 824
9201 841
9202 773
9203 1007
9204 1026
9205 1061
9206 1088
9207 1159
9208 94
9317 0
9318 551
9319 736
9320 878
9321 775
9322 767
9323 732
9324 958
9325 1006
9326 1042
9327 1141
9328 1163
9329 63
9438 0
9439 519
9440 686
9441 749
9442 764
9443 816
9444 664
9445 940
9446 1021
9447 1033
9448 1036
9449 1101
9450 63
9559 0
9560 413
9561 554
9562 632
9563 644
9564 631
9565 543
9566 909
9567 912
9568 993
9569 1013
9570 957
9571 98
9680 0
9681 470
9682 627
9683 728
9684 715
9685 756
9686 661
9687 1260
9688 1309
9689 1415
9690 1484
9691 1639
9692 151
9801 0
9802 464
9803 652
9804 697
9805 707
9806 695
9807 696
9808 1296
9809 1281
9810 1340
9811 1547
9812 1543
9813 229
9922 0
9923 454
9924 662
9925 713
9926 761
9927 780
9928 726
9929 1209
9930 1260
9931 1358
9932 1412
9933 1566
9934 233
