4538 0
4539 0
4540 0
4541 0
4542 0
4543 0
4544 0
4545 0
4546 0
4547 0
4548 0
4549 0
4550 0
4659 0
4660 2812
4661 3321
4662 2921
4663 2858
4664 2563
4665 2508
4666 2284
4667 2168
4668 1996
4669 2003
4670 1400
4671 0
4780 0
4781 4157
4782 4074
4783 4098
4784 4053
4785 3713
4786 3648
4787 3235
4788 3215
4789 3283
4790 3104
4791 2297
4792 0
4901 0
4902 3913
4903 4551
4904 4060
4905 3818
4906 3789
4907 3715
4908 3202
4909 3178
4910 2966
4911 3114
4912 2178
4913 0
5022 0
5023 4125
5024 4218
5025 4164
5026 3941
5027 3546
5028 3756
5029 3103
5030 3077
5031 2803
5032 2879
5033 1942
5034 0
5143 0
5144 4161
5145 4296
5146 4079
5147 3861
5148 3470
5149 3585
5150 3306
5151 2974
5152 2938
5153 2681
5154 1949
5155 0
5264 188
5265 3527
5266 3579
5267 3696
5268 3377
5269 3073
5270 2748
5271 2787
5272 2465
5273 2525
5274 2322
5275 1624
5276 0
5385 572
5386 4094
5387 4082
5388 3835
5389 3894
5390 3673
5391 2871
5392 3344
5393 2903
5394 2733
5395 2669
5396 1948
5397 0
5506 628
5507 3992
5508 3861
5509 3858
5510 3678
5511 3537
5512 2782
5513 3112
5514 2973
5515 2664
5516 2620
5517 1896
5518 0
5627 609
5628 4019
5629 3892
5630 3782
5631 3537
5632 3456
5633 2766
5634 3024
5635 2906
5636 2568
5637 2392
5638 1849
5639 0
5748 548
5749 4124
5750 3620
5751 3565
5752 3489
5753 3321
5754 2710
5755 2857
5756 2588
5757 2364
5758 2391
5759 1717
5760 0
5869 509
5870 4150
5871 3675
5872 3573
5873 3145
5874 2912
5875 2399
5876 2591
5877 2304
5878 2129
5879 2107
5880 1331
5881 0
5990 0
5991 0
5992 0
5993 0
5994 0
5995 0
5996 0
5997 0
5998 0
5999 0
6000 0
6001 0
6002 0
