4065 8
4066 474
4067 515
4068 458
4069 359
4070 335
4071 186
4072 221
4073 160
4074 80
4075 48
4076 0
4077 0
4186 171
4187 3353
4188 3170
4189 3301
4190 3084
4191 2973
4192 2489
4193 2752
4194 2776
4195 2573
4196 2596
4197 1922
4198 0
4307 258
4308 3489
4309 3600
4310 3295
4311 3207
4312 3107
4313 2548
4314 2870
4315 2663
4316 2674
4317 1993
4318 1950
4319 0
4428 325
4429 3728
4430 3678
4431 3412
4432 3277
4433 3279
4434 2558
4435 2844
4436 2760
4437 2111
4438 3563
4439 1365
4440 0
4549 384
4550 3642
4551 3539
4552 3399
4553 3194
4554 3230
4555 2575
4556 2730
4557 2629
4558 2681
4559 2169
4560 1922
4561 0
4670 395
4671 3681
4672 3513
4673 3237
4674 3101
4675 2995
4676 2336
4677 2775
4678 2662
4679 2601
4680 2495
4681 1854
4682 0
4791 358
4792 3040
4793 3044
4794 2668
4795 2923
4796 2985
4797 2207
4798 2749
4799 2612
4800 2466
4801 2404
4802 2035
4803 0
4912 384
4913 3388
4914 3185
4915 3126
4916 3021
4917 2984
4918 2322
4919 2696
4920 2819
4921 2700
4922 2658
4923 2214
4924 0
5033 348
5034 3298
5035 3245
5036 3039
5037 3047
5038 2888
5039 2126
5040 2744
5041 2855
5042 2670
5043 2486
5044 2073
5045 0
5154 287
5155 3233
5156 2961
5157 2837
5158 2745
5159 2657
5160 2089
5161 2588
5162 2484
5163 2398
5164 2374
5165 2063
5166 0
5275 211
5276 2880
5277 2648
5278 2731
5279 2703
5280 2585
5281 2089
5282 2489
5283 2297
5284 2173
5285 2203
5286 2183
5287 0
5396 17
5397 602
5398 668
5399 564
5400 530
5401 471
5402 346
5403 325
5404 314
5405 260
5406 244
5407 170
5408 0
