11171 71
11172 917
11173 799
11174 775
11175 753
11176 683
11177 517
11178 544
11179 486
11180 357
11181 332
11182 196
11183 0
11292 234
11293 2643
11294 2709
11295 2729
11296 2549
11297 2408
11298 2112
11299 2564
11300 2471
11301 2316
11302 2241
11303 1614
11304 0
11413 186
11414 2532
11415 2464
11416 2421
11417 2404
11418 2315
11419 1894
11420 2382
11421 2228
11422 2126
11423 2143
11424 1524
11425 0
11534 250
11535 2195
11536 2270
11537 2245
11538 2107
11539 2110
11540 1748
11541 1970
11542 1916
11543 1944
11544 1940
11545 1465
11546 0
11655 276
11656 2033
11657 2124
11658 2011
11659 2026
11660 1929
11661 1573
11662 1920
11663 1947
11664 1830
11665 1991
11666 1375
11667 0
11776 234
11777 1790
11778 1839
11779 1767
11780 1652
11781 1815
11782 1467
11783 1732
11784 1704
11785 1721
11786 1739
11787 1254
11788 0
11897 200
11898 1403
11899 1330
11900 1307
11901 1535
11902 1390
11903 1089
11904 1392
11905 1269
11906 1415
11907 1477
11908 1013
11909 0
12018 178
12019 1487
12020 1386
12021 1447
12022 1376
12023 1396
12024 1111
12025 1331
12026 1343
12027 1377
12028 1377
12029 1107
12030 0
12139 180
12140 1348
12141 1372
12142 1417
12143 1357
12144 1363
12145 1003
12146 1369
12147 1301
12148 1320
12149 1396
12150 1000
12151 0
12260 159
12261 1214
12262 1339
12263 1220
12264 1233
12265 1252
12266 907
12267 1133
12268 1160
12269 1177
12270 1199
12271 987
12272 0
12381 166
12382 1180
12383 1182
12384 1135
12385 1172
12386 1137
12387 947
12388 1175
12389 1194
12390 1141
12391 1131
12392 898
12393 0
12502 115
12503 1197
12504 1186
12505 1153
12506 1172
12507 1171
12508 847
12509 1062
12510 1044
12511 1056
12512 1001
12513 873
12514 0
12623 21
12624 174
12625 202
12626 169
12627 136
12628 134
12629 94
12630 100
12631 75
12632 54
12633 34
12634 7
12635 0
