7796 0
7797 0
7798 0
7799 0
7800 0
7801 0
7802 0
7803 0
7804 0
7805 0
7806 0
7807 0
7808 0
7917 0
7918 1644
7919 2632
7920 2490
7921 2335
7922 2140
7923 2489
7924 2824
7925 2564
7926 2492
7927 2335
7928 2237
7929 135
8038 0
8039 2223
8040 3538
8041 3453
8042 3201
8043 3319
8044 3512
8045 3808
8046 3849
8047 3615
8048 3368
8049 3242
8050 223
8159 0
8160 2152
8161 3423
8162 3439
8163 3059
8164 2768
8165 3277
8166 3613
8167 3554
8168 3588
8169 3409
8170 3051
8171 162
8280 0
8281 2425
8282 3382
8283 3202
8284 2854
8285 2807
8286 3224
8287 3284
8288 3186
8289 3482
8290 3450
8291 3109
8292 139
8401 0
8402 2378
8403 3300
8404 3068
8405 3137
8406 3147
8407 2989
8408 3009
8409 2598
8410 3412
8411 3426
8412 2895
8413 106
8522 0
8523 2323
8524 3177
8525 3295
8526 3020
8527 2780
8528 2397
8529 2433
8530 2584
8531 2747
8532 2929
8533 2682
8534 95
8643 0
8644 3062
8645 3652
8646 3353
8647 3157
8648 2731
8649 2421
8650 3017
8651 3262
8652 3131
8653 2922
8654 2999
8655 133
8764 0
8765 2929
8766 3483
8767 3228
8768 2998
8769 2609
8770 2286
8771 3056
8772 3185
8773 3301
8774 2896
8775 3181
8776 144
8885 0
8886 2853
8887 3336
8888 3253
8889 2259
8890 1718
8891 1562
8892 2707
8893 2448
8894 3016
8895 3046
8896 2828
8897 165
9006 0
9007 2534
9008 3162
9009 2699
9010 2302
9011 2196
9012 1519
9013 2586
9014 3030
9015 3241
9016 2954
9017 2558
9018 131
9127 0
9128 2632
9129 2704
9130 2394
9131 2778
9132 2629
9133 1578
9134 1979
9135 2419
9136 2897
9137 3118
9138 2859
9139 137
9248 0
9249 592
9250 642
9251 518
9252 281
9253 417
9254 287
9255 366
9256 394
9257 360
9258 301
9259 301
9260 23
