1793 110
1794 126
1795 99
1796 93
1797 87
1798 52
1799 36
1800 27
1801 17
1802 0
1803 0
1804 0
1914 759
1915 1125
1916 1000
1917 1014
1918 976
1919 832
1920 950
1921 966
1922 950
1923 862
1924 789
1925 146
2035 837
2036 1190
2037 1093
2038 1035
2039 1063
2040 883
2041 966
2042 971
2043 981
2044 919
2045 940
2046 159
2156 856
2157 1145
2158 1197
2159 1195
2160 1155
2161 902
2162 978
2163 976
2164 911
2165 908
2166 851
2167 153
2277 875
2278 1224
2279 1169
2280 1230
2281 1167
2282 968
2283 1040
2284 1047
2285 1030
2286 952
2287 943
2288 161
2398 746
2399 976
2400 1047
2401 1021
2402 1005
2403 773
2404 879
2405 872
2406 830
2407 795
2408 800
2409 171
2519 819
2520 1162
2521 1133
2522 1248
2523 1117
2524 941
2525 1007
2526 1038
2527 1030
2528 948
2529 965
2530 213
2640 930
2641 1368
2642 1178
2643 1230
2644 1242
2645 997
2646 1169
2647 1104
2648 1121
2649 1077
2650 1012
2651 245
2761 884
2762 1196
2763 1253
2764 1191
2765 1386
2766 1056
2767 1210
2768 1192
2769 1157
2770 1146
2771 1138
2772 262
2882 852
2883 1475
2884 1389
2885 1343
2886 1362
2887 1196
2888 1260
2889 1187
2890 1239
2891 1149
2892 1205
2893 254
3003 526
3004 819
3005 867
3006 768
3007 776
3008 645
3009 763
3010 685
3011 687
3012 589
3013 640
3014 133
