8068 562
8069 1656
8070 1883
8071 1695
8072 1781
8073 1700
8074 1439
8075 1596
8076 1602
8077 1486
8078 1266
8079 530
8189 1068
8190 2561
8191 2673
8192 3041
8193 3082
8194 2713
8195 2537
8196 2560
8197 2883
8198 2693
8199 2543
8200 1010
8310 1216
8311 2682
8312 2586
8313 2840
8314 2988
8315 2650
8316 2761
8317 3049
8318 2671
8319 2662
8320 2478
8321 950
8431 1215
8432 2920
8433 2779
8434 2782
8435 2831
8436 2543
8437 2791
8438 3134
8439 2772
8440 2667
8441 2504
8442 957
8552 1113
8553 2611
8554 2719
8555 2692
8556 2747
8557 2520
8558 2791
8559 2898
8560 2682
8561 2561
8562 2499
8563 933
8673 990
8674 1985
8675 2044
8676 2181
8677 2189
8678 2127
8679 2067
8680 2370
8681 2370
8682 2070
8683 2141
8684 892
8794 1102
8795 2345
8796 2317
8797 2330
8798 2277
8799 2286
8800 2206
8801 2605
8802 2497
8803 2456
8804 2371
8805 1132
8915 1180
8916 2351
8917 2480
8918 2537
8919 2436
8920 2044
8921 2004
8922 2448
8923 2585
8924 2433
8925 2310
8926 1034
9036 1070
9037 2345
9038 2270
9039 2341
9040 2336
9041 1926
9042 1986
9043 2357
9044 2504
9045 2637
9046 2217
9047 989
9157 1068
9158 2203
9159 2262
9160 2135
9161 2178
9162 1942
9163 1855
9164 2416
9165 2070
9166 2110
9167 2112
9168 985
9278 392
9279 1082
9280 1096
9281 992
9282 888
9283 812
9284 646
9285 605
9286 881
9287 685
9288 683
9289 283
