5813 36
5814 13
5815 1
5816 0
5817 0
5818 0
5819 13
5820 0
5821 0
5822 0
5823 0
5824 0
5934 523
5935 1030
5936 1086
5937 1029
5938 1063
5939 910
5940 1544
5941 1700
5942 1755
5943 1717
5944 1687
5945 764
6055 589
6056 1035
6057 1092
6058 1095
6059 1167
6060 992
6061 1600
6062 1784
6063 1942
6064 1954
6065 1980
6066 753
6176 546
6177 1119
6178 1072
6179 1158
6180 1203
6181 952
6182 1690
6183 1738
6184 2042
6185 1942
6186 2123
6187 920
6297 628
6298 1084
6299 1097
6300 1099
6301 1197
6302 976
6303 1770
6304 1941
6305 1974
6306 2104
6307 2302
6308 941
6418 658
6419 1076
6420 1153
6421 1150
6422 1273
6423 969
6424 1777
6425 1912
6426 2056
6427 2217
6428 2259
6429 882
6539 627
6540 992
6541 1058
6542 1042
6543 1150
6544 918
6545 1934
6546 2014
6547 2178
6548 2211
6549 2237
6550 820
6660 583
6661 1634
6662 1401
6663 1389
6664 1413
6665 1324
6666 1705
6667 1611
6668 1791
6669 1969
6670 1891
6671 794
6781 676
6782 1449
6783 1395
6784 1529
6785 1769
6786 1506
6787 1983
6788 2201
6789 2256
6790 2343
6791 2415
6792 930
6902 714
6903 1482
6904 1616
6905 1621
6906 1676
6907 1522
6908 1959
6909 2216
6910 2250
6911 2318
6912 2438
6913 938
7023 662
7024 1553
7025 1576
7026 1771
7027 1722
7028 1572
7029 2000
7030 2149
7031 2272
7032 2310
7033 2497
7034 979
7144 662
7145 1476
7146 1575
7147 1646
7148 1716
7149 1570
7150 2099
7151 2178
7152 2278
7153 2335
7154 2405
7155 954
7265 665
7266 1456
7267 1582
7268 1611
7269 1620
7270 1557
7271 1893
7272 2149
7273 2350
7274 2551
7275 2459
7276 1077
7386 534
7387 1193
7388 1310
7389 1286
7390 1333
7391 1200
7392 1382
7393 1510
7394 1638
7395 1683
7396 1701
7397 655
7507 0
7508 0
7509 0
7510 0
7511 0
7512 0
7513 0
7514 0
7515 0
7516 0
7517 0
7518 0
