4278 338
4279 1451
4280 1359
4281 1380
4282 1322
4283 1286
4284 1026
4285 1107
4286 1146
4287 1143
4288 940
4289 557
4399 974
4400 3638
4401 3542
4402 3661
4403 3734
4404 3880
4405 3443
4406 4148
4407 4272
4408 4404
4409 4083
4410 2464
4520 1037
4521 3574
4522 3500
4523 3628
4524 3854
4525 3964
4526 3569
4527 4245
4528 4455
4529 4177
4530 4009
4531 2245
4641 1052
4642 3705
4643 3740
4644 3810
4645 4065
4646 3801
4647 3427
4648 4372
4649 4162
4650 4323
4651 4118
4652 2460
4762 1111
4763 3612
4764 3846
4765 3903
4766 3844
4767 3764
4768 3764
4769 3965
4770 4524
4771 4081
4772 4067
4773 2460
4883 1185
4884 3780
4885 3842
4886 3912
4887 4073
4888 4149
4889 3609
4890 4291
4891 4515
4892 4381
4893 4570
4894 2522
5004 1017
5005 3160
5006 3337
5007 3424
5008 3618
5009 3444
5010 3328
5011 3793
5012 3779
5013 3912
5014 4153
5015 2443
5125 1147
5126 3780
5127 3911
5128 4094
5129 4228
5130 4034
5131 3469
5132 4246
5133 4377
5134 4641
5135 4936
5136 2733
5246 1126
5247 3622
5248 3886
5249 3914
5250 4051
5251 4076
5252 3530
5253 3787
5254 4572
5255 4605
5256 4455
5257 2057
5367 1058
5368 3650
5369 3889
5370 3974
5371 4086
5372 4173
5373 3871
5374 4120
5375 4894
5376 4870
5377 4770
5378 2043
5488 1024
5489 3694
5490 3994
5491 4144
5492 4145
5493 4205
5494 4339
5495 4698
5496 4946
5497 5046
5498 5149
5499 2872
5609 948
5610 3500
5611 3796
5612 3913
5613 3881
5614 3968
5615 3594
5616 4563
5617 4234
5618 4286
5619 4177
5620 2457
5730 0
5731 0
5732 0
5733 0
5734 0
5735 0
5736 0
5737 0
5738 0
5739 0
5740 0
5741 0
