12029 0
12030 0
12031 0
12032 0
12033 0
12034 0
12035 0
12036 0
12037 0
12038 0
12039 0
12040 0
12041 0
12150 0
12151 608
12152 773
12153 704
12154 688
12155 656
12156 611
12157 962
12158 898
12159 837
12160 853
12161 820
12162 0
12271 3
12272 1003
12273 1009
12274 922
12275 921
12276 978
12277 957
12278 1404
12279 1374
12280 1378
12281 1464
12282 1338
12283 0
12392 23
12393 1004
12394 888
12395 848
12396 935
12397 887
12398 887
12399 1377
12400 1403
12401 1435
12402 1333
12403 1205
12404 0
12513 30
12514 845
12515 821
12516 857
12517 866
12518 831
12519 1199
12520 1284
12521 1241
12522 1343
12523 1315
12524 1196
12525 0
12634 41
12635 780
12636 745
12637 791
12638 826
12639 834
12640 876
12641 1239
12642 1240
12643 1230
12644 1364
12645 1151
12646 0
12755 45
12756 769
12757 750
12758 728
12759 797
12760 822
12761 664
12762 1048
12763 1031
12764 1084
12765 1216
12766 1033
12767 0
12876 0
12877 1045
12878 1122
12879 1092
12880 1141
12881 1174
12882 939
12883 1160
12884 1233
12885 1232
12886 1219
12887 1106
12888 0
12997 0
12998 979
12999 1060
13000 1137
13001 1048
13002 1051
13003 901
13004 1176
13005 1191
13006 1228
13007 1293
13008 1081
13009 0
13118 0
13119 942
13120 1040
13121 978
13122 992
13123 1042
13124 952
13125 1058
13126 1068
13127 1138
13128 1234
13129 1149
13130 0
13239 0
13240 842
13241 974
13242 1012
13243 1022
13244 1106
13245 969
13246 1110
13247 1071
13248 1155
13249 1129
13250 1034
13251 0
13360 0
13361 921
13362 1012
13363 1013
13364 1039
13365 1007
13366 926
13367 1131
13368 1149
13369 1111
13370 1174
13371 1109
13372 0
13481 0
13482 313
13483 321
13484 349
13485 343
13486 315
13487 280
13488 333
13489 325
13490 292
13491 290
13492 249
13493 0
