3065 0
3066 0
3067 0
3068 0
3069 0
3070 0
3071 0
3072 0
3073 0
3074 0
3075 0
3076 0
3186 705
3187 1723
3188 1642
3189 1557
3190 1529
3191 1394
3192 1937
3193 2022
3194 1930
3195 1852
3196 1556
3197 736
3307 942
3308 2023
3309 2081
3310 2041
3311 2118
3312 1936
3313 3069
3314 3166
3315 3173
3316 3279
3317 3222
3318 1223
3428 973
3429 2148
3430 2039
3431 2142
3432 2288
3433 2130
3434 3084
3435 3110
3436 3233
3437 3315
3438 3030
3439 1078
3549 1083
3550 2239
3551 2207
3552 2279
3553 2286
3554 1965
3555 3282
3556 3289
3557 3327
3558 3409
3559 3461
3560 1152
3670 1117
3671 2210
3672 2229
3673 2339
3674 2185
3675 2012
3676 3406
3677 3436
3678 3603
3679 3557
3680 3691
3681 1339
3791 924
3792 2074
3793 2050
3794 2169
3795 2109
3796 1914
3797 3255
3798 3282
3799 3409
3800 3477
3801 3626
3802 1275
3912 1561
3913 2975
3914 2810
3915 3010
3916 3243
3917 2708
3918 3345
3919 3448
3920 3300
3921 3603
3922 3655
3923 1223
4033 1611
4034 3115
4035 3154
4036 3248
4037 3339
4038 2923
4039 3413
4040 3644
4041 3926
4042 3944
4043 4240
4044 1437
4154 1637
4155 3103
4156 3014
4157 3090
4158 3329
4159 2857
4160 3469
4161 3749
4162 3909
4163 4065
4164 4174
4165 1497
4275 1651
4276 3215
4277 3096
4278 3258
4279 3350
4280 2952
4281 3530
4282 3723
4283 3928
4284 4067
4285 4122
4286 1478
4396 1625
4397 3199
4398 3198
4399 3330
4400 3530
4401 3005
4402 3455
4403 3645
4404 3916
4405 4095
4406 4244
4407 1565
4517 1049
4518 2212
4519 2344
4520 2419
4521 2245
4522 2007
4523 2379
4524 2446
4525 2568
4526 2616
4527 2580
4528 929
4638 0
4639 0
4640 0
4641 0
4642 0
4643 0
4644 0
4645 0
4646 0
4647 0
4648 0
4649 0
