11445 0
11446 0
11447 0
11448 0
11449 0
11450 0
11451 0
11452 0
11453 0
11454 0
11455 0
11456 0
11457 0
11566 0
11567 676
11568 800
11569 818
11570 832
11571 727
11572 699
11573 1061
11574 1029
11575 1149
11576 1111
11577 1138
11578 109
11687 0
11688 770
11689 1009
11690 971
11691 908
11692 1028
11693 928
11694 1392
11695 1438
11696 1561
11697 1799
11698 1714
11699 189
11808 0
11809 748
11810 934
11811 953
11812 944
11813 1040
11814 983
11815 1491
11816 1484
11817 1511
11818 1893
11819 1583
11820 119
11929 0
11930 701
11931 879
11932 882
11933 940
11934 1034
11935 919
11936 1489
11937 1467
11938 1483
11939 1631
11940 1713
11941 182
12050 0
12051 728
12052 921
12053 950
12054 940
12055 996
12056 931
12057 1752
12058 1461
12059 1546
12060 1550
12061 1524
12062 117
12171 0
12172 670
12173 820
12174 910
12175 960
12176 1010
12177 917
12178 1293
12179 1295
12180 1253
12181 1288
12182 1320
12183 109
12292 0
12293 940
12294 1318
12295 1231
12296 1372
12297 1425
12298 1144
12299 1499
12300 1405
12301 1484
12302 1360
12303 1411
12304 160
12413 0
12414 869
12415 1219
12416 1418
12417 1333
12418 1296
12419 1137
12420 1413
12421 1407
12422 1453
12423 1413
12424 1425
12425 145
12534 0
12535 895
12536 1313
12537 1288
12538 1388
12539 1274
12540 1066
12541 1418
12542 1481
12543 1458
12544 1367
12545 1295
12546 139
12655 0
12656 858
12657 1260
12658 1434
12659 1369
12660 1253
12661 1166
12662 1444
12663 1562
12664 1457
12665 1309
12666 1264
12667 128
12776 0
12777 568
12778 765
12779 807
12780 884
12781 774
12782 683
12783 732
12784 770
12785 698
12786 651
12787 647
12788 76
