5608 0
5609 1345
5610 1537
5611 1577
5612 1670
5613 1625
5614 1659
5615 2057
5616 2162
5617 2273
5618 1993
5619 1754
5620 0
5729 0
5730 3062
5731 3305
5732 3756
5733 3962
5734 4116
5735 3958
5736 4875
5737 5237
5738 5330
5739 5775
5740 5007
5741 0
5850 0
5851 3174
5852 3634
5853 3810
5854 4126
5855 4233
5856 4237
5857 5034
5858 5542
5859 5734
5860 5805
5861 4791
5862 0
5971 0
5972 3407
5973 3651
5974 3852
5975 4105
5976 4489
5977 4489
5978 4904
5979 5624
5980 5679
5981 5794
5982 4896
5983 0
6092 0
6093 3489
6094 3801
6095 4262
6096 4293
6097 4502
6098 4460
6099 5076
6100 5766
6101 5434
6102 5842
6103 4667
6104 0
6213 0
6214 3701
6215 4096
6216 4407
6217 4492
6218 4890
6219 4584
6220 5183
6221 5567
6222 5821
6223 5817
6224 5092
6225 0
6334 0
6335 4115
6336 4409
6337 4466
6338 4988
6339 5006
6340 3997
6341 4524
6342 5144
6343 5122
6344 5169
6345 4405
6346 0
6455 0
6456 4331
6457 4737
6458 5067
6459 5384
6460 5680
6461 5187
6462 6052
6463 6160
6464 5928
6465 5843
6466 5175
6467 0
6576 0
6577 4151
6578 4325
6579 4790
6580 5240
6581 5560
6582 5034
6583 6010
6584 6257
6585 5860
6586 5843
6587 5125
6588 0
6697 0
6698 4220
6699 3951
6700 4210
6701 5155
6702 5275
6703 4858
6704 5999
6705 6258
6706 6041
6707 5765
6708 4917
6709 0
6818 0
6819 4458
6820 5120
6821 5193
6822 4965
6823 5645
6824 5125
6825 5908
6826 6032
6827 6106
6828 5669
6829 4821
6830 0
6939 0
6940 3905
6941 4009
6942 4326
6943 4321
6944 4420
6945 3936
6946 4675
6947 4464
6948 4174
6949 3751
6950 3180
6951 0
7060 0
7061 0
7062 0
7063 0
7064 0
7065 0
7066 0
7067 0
7068 0
7069 0
7070 0
7071 0
7072 0
