10347 808
10348 844
10349 837
10350 714
10351 881
10352 635
10353 828
10354 854
10355 727
10356 776
10357 844
10358 164
10468 1151
10469 1759
10470 1655
10471 1634
10472 1601
10473 1344
10474 1805
10475 1790
10476 1651
10477 1700
10478 2147
10479 301
10589 1261
10590 1649
10591 1614
10592 1516
10593 1526
10594 1238
10595 1837
10596 1696
10597 1761
10598 1823
10599 2039
10600 345
10710 1222
10711 1747
10712 1569
10713 1572
10714 1557
10715 1291
10716 1620
10717 1650
10718 1775
10719 1751
10720 1774
10721 257
10831 1224
10832 1577
10833 1501
10834 1511
10835 1498
10836 1139
10837 1664
10838 1665
10839 1796
10840 1886
10841 1804
10842 294
10952 1046
10953 1425
10954 1362
10955 1275
10956 1233
10957 1040
10958 1440
10959 1509
10960 1567
10961 1499
10962 1446
10963 235
11073 1060
11074 1646
11075 1685
11076 1560
11077 1557
11078 1272
11079 1550
11080 1586
11081 1722
11082 1775
11083 1625
11084 323
11194 1002
11195 1518
11196 1663
11197 1651
11198 1385
11199 1209
11200 1443
11201 1413
11202 1530
11203 1645
11204 1819
11205 286
11315 994
11316 1478
11317 1543
11318 1365
11319 1311
11320 941
11321 1466
11322 1428
11323 1688
11324 1600
11325 1777
11326 337
11436 950
11437 1358
11438 1478
11439 1295
11440 1249
11441 1076
11442 1483
11443 1501
11444 1453
11445 1573
11446 1775
11447 307
11557 1030
11558 1460
11559 1434
11560 1468
11561 1313
11562 1092
11563 1403
11564 1426
11565 1464
11566 1719
11567 1699
11568 310
11678 146
11679 183
11680 169
11681 148
11682 145
11683 98
11684 114
11685 92
11686 68
11687 55
11688 24
11689 1
