10072 0
10073 2295
10074 3454
10075 3379
10076 3544
10077 3526
10078 2949
10079 3161
10080 3203
10081 3258
10082 3332
10083 3607
10084 509
10193 0
10194 2424
10195 3598
10196 3753
10197 3715
10198 3807
10199 2844
10200 3057
10201 3145
10202 3011
10203 3244
10204 3075
10205 438
10314 0
10315 2621
10316 3412
10317 3678
10318 3755
10319 3767
10320 3189
10321 3322
10322 3145
10323 3094
10324 3219
10325 2930
10326 348
10435 0
10436 2755
10437 3587
10438 3653
10439 3797
10440 3710
10441 3082
10442 3336
10443 3278
10444 3251
10445 3212
10446 3199
10447 368
10556 0
10557 2331
10558 3211
10559 3366
10560 3468
10561 3389
10562 2793
10563 2932
10564 2833
10565 2867
10566 2655
10567 2654
10568 282
10677 0
10678 2401
10679 3326
10680 3612
10681 3495
10682 3571
10683 2958
10684 3394
10685 3298
10686 3222
10687 3236
10688 3052
10689 322
10798 0
10799 2383
10800 3323
10801 3388
10802 3517
10803 3630
10804 3023
10805 3449
10806 3360
10807 3273
10808 3276
10809 3293
10810 343
10919 0
10920 2409
10921 3310
10922 3312
10923 3625
10924 3615
10925 2931
10926 3596
10927 3339
10928 3146
10929 3179
10930 3062
10931 336
11040 0
11041 2189
11042 3001
11043 3163
11044 3404
11045 3404
11046 2895
11047 3835
11048 3705
11049 3405
11050 3175
11051 3046
11052 295
11161 0
11162 2164
11163 2857
11164 3194
11165 3365
11166 3379
11167 3120
11168 3685
11169 3555
11170 3286
11171 3268
11172 3092
11173 300
11282 0
11283 1150
11284 1631
11285 1550
11286 1723
11287 1861
11288 1700
11289 1718
11290 1721
11291 1634
11292 1573
11293 1423
11294 201
11403 0
11404 0
11405 0
11406 0
11407 0
11408 0
11409 0
11410 0
11411 0
11412 0
11413 0
11414 0
11415 0
9830 0
9831 588
9832 771
9833 726
9834 680
9835 573
9836 414
9837 405
9838 412
9839 285
9840 158
9841 168
9842 30
9951 0
9952 2448
9953 3469
9954 3294
9955 3392
9956 3438
9957 3149
9958 2955
9959 3361
9960 3753
9961 3706
9962 3807
9963 573
