10103 18
10104 2694
10105 2998
10106 2795
10107 2458
10108 2632
10109 1828
10110 2294
10111 2178
10112 2195
10113 2313
10114 1830
10115 0
10224 5
10225 2638
10226 2685
10227 2752
10228 2720
10229 2624
10230 1827
10231 2225
10232 2091
10233 1913
10234 1678
10235 1662
10236 0
10345 0
10346 2301
10347 2502
10348 2259
10349 2385
10350 2285
10351 1935
10352 1906
10353 1759
10354 1744
10355 1481
10356 1631
10357 0
10466 0
10467 2169
10468 2063
10469 2229
10470 2154
10471 1931
10472 1436
10473 1782
10474 1771
10475 1795
10476 1591
10477 1578
10478 0
10587 0
10588 261
10589 336
10590 276
10591 278
10592 191
10593 89
10594 89
10595 71
10596 46
10597 11
10598 0
10599 0
9256 0
9257 1582
9258 1628
9259 1599
9260 1661
9261 1638
9262 1453
9263 1480
9264 1326
9265 1267
9266 1097
9267 876
9268 0
9377 0
9378 2355
9379 2774
9380 2638
9381 2877
9382 2925
9383 2558
9384 2829
9385 2711
9386 2685
9387 2359
9388 2028
9389 0
9498 0
9499 2461
9500 2714
9501 2717
9502 2729
9503 2833
9504 2536
9505 2865
9506 2691
9507 2501
9508 2514
9509 2054
9510 0
9619 2
9620 2406
9621 2747
9622 2952
9623 2809
9624 2826
9625 2408
9626 2837
9627 2889
9628 2604
9629 2398
9630 2099
9631 0
9740 37
9741 2522
9742 2538
9743 2716
9744 2672
9745 2903
9746 2408
9747 2713
9748 2764
9749 2536
9750 2241
9751 1785
9752 0
9861 40
9862 2281
9863 2359
9864 2185
9865 2405
9866 2613
9867 2138
9868 2436
9869 2321
9870 2253
9871 2025
9872 1524
9873 0
9982 46
9983 2793
9984 2590
9985 2391
9986 2576
9987 2787
9988 1956
9989 2274
9990 2145
9991 2195
9992 2094
9993 1888
9994 0
