1026 1285
1027 1891
1028 1909
1029 1844
1030 1771
1031 1621
1032 1801
1033 1553
1034 1964
1035 1793
1036 1724
1037 350
1147 1234
1148 1895
1149 1925
1150 2028
1151 1925
1152 1682
1153 2000
1154 2038
1155 1901
1156 1970
1157 2013
1158 423
1268 1489
1269 2273
1270 2211
1271 2158
1272 2221
1273 1833
1274 2186
1275 2188
1276 2361
1277 2223
1278 2078
1279 361
1389 1651
1390 2421
1391 2617
1392 2655
1393 2500
1394 2112
1395 2323
1396 2056
1397 1977
1398 2178
1399 1984
1400 359
1510 1992
1511 2788
1512 2932
1513 2869
1514 2754
1515 2316
1516 2583
1517 2353
1518 2285
1519 2172
1520 2145
1521 385
1631 1721
1632 2628
1633 2734
1634 2779
1635 2635
1636 2028
1637 2414
1638 2302
1639 2103
1640 2045
1641 2124
1642 524
1752 1827
1753 3021
1754 3047
1755 3264
1756 3341
1757 2384
1758 2560
1759 2650
1760 2497
1761 2366
1762 2447
1763 646
1873 2091
1874 3197
1875 3261
1876 3364
1877 3475
1878 2479
1879 2857
1880 2746
1881 2740
1882 2652
1883 2619
1884 759
1994 2150
1995 3357
1996 3566
1997 3332
1998 3358
1999 2501
2000 2838
2001 2779
2002 2585
2003 2654
2004 2785
2005 763
2115 2243
2116 3439
2117 3456
2118 3337
2119 3675
2120 2490
2121 2973
2122 2810
2123 2750
2124 2962
2125 2849
2126 790
2236 1660
2237 2782
2238 2777
2239 2740
2240 2693
2241 2058
2242 2144
2243 1899
2244 1964
2245 2041
2246 1804
2247 386
2357 0
2358 0
2359 0
2360 0
2361 0
2362 0
2363 0
2364 0
2365 0
2366 0
2367 0
2368 0
905 71
906 140
907 94
908 77
909 40
910 4
911 0
912 0
913 0
914 0
915 0
916 0
