12766 0
12767 0
12768 0
12769 0
12770 0
12771 0
12772 0
12773 0
12774 0
12775 0
12776 0
12777 0
12778 0
12887 0
12888 640
12889 730
12890 696
12891 763
12892 801
12893 787
12894 1307
12895 1306
12896 1290
12897 1272
12898 1322
12899 60
13008 0
13009 636
13010 742
13011 996
13012 728
13013 814
13014 818
13015 1350
13016 1413
13017 1413
13018 1508
13019 1577
13020 57
13129 0
13130 661
13131 693
13132 731
13133 764
13134 818
13135 823
13136 1346
13137 1360
13138 1436
13139 1454
13140 1452
13141 39
13250 0
13251 602
13252 718
13253 691
13254 708
13255 828
13256 769
13257 1393
13258 1678
13259 1461
13260 1460
13261 1496
13262 28
13371 0
13372 632
13373 697
13374 737
13375 788
13376 772
13377 848
13378 1357
13379 1565
13380 1559
13381 1583
13382 1537
13383 21
13492 0
13493 786
13494 933
13495 980
13496 998
13497 990
13498 959
13499 1210
13500 1256
13501 1326
13502 1352
13503 1381
13504 22
13613 0
13614 1013
13615 1283
13616 1254
13617 1306
13618 1353
13619 1170
13620 1441
13621 1511
13622 1507
13623 1446
13624 1563
13625 34
13734 0
13735 976
13736 1267
13737 1320
13738 1307
13739 1357
13740 1215
13741 1472
13742 1602
13743 1523
13744 1516
13745 1595
13746 35
13855 0
13856 974
13857 1197
13858 1273
13859 1395
13860 1350
13861 1181
13862 1407
13863 1452
13864 1546
13865 1559
13866 1567
13867 35
13976 0
13977 924
13978 1236
13979 1247
13980 1331
13981 1277
13982 1183
13983 1382
13984 1495
13985 1620
13986 1554
13987 1552
13988 45
14097 0
14098 601
14099 824
14100 879
14101 932
14102 881
14103 769
14104 878
14105 943
14106 959
14107 895
14108 861
14109 27
14218 0
14219 0
14220 0
14221 0
14222 0
14223 0
14224 0
14225 0
14226 0
14227 0
14228 0
14229 0
14230 0
