6384 0
6385 0
6386 0
6387 0
6388 0
6389 0
6390 0
6391 0
6392 0
6393 0
6394 0
6395 0
6396 0
6505 664
6506 1838
6507 1958
6508 2028
6509 1945
6510 1905
6511 1635
6512 1823
6513 1757
6514 1560
6515 1422
6516 825
6517 0
6626 605
6627 2167
6628 2450
6629 2389
6630 2402
6631 2552
6632 1915
6633 2341
6634 2283
6635 2196
6636 1966
6637 991
6638 0
6747 747
6748 2409
6749 2419
6750 2505
6751 2395
6752 2415
6753 2073
6754 2308
6755 2251
6756 2083
6757 1962
6758 1048
6759 0
6868 758
6869 2188
6870 2276
6871 2365
6872 2324
6873 2307
6874 1929
6875 2160
6876 2158
6877 1883
6878 2178
6879 1101
6880 0
6989 702
6990 2094
6991 2101
6992 2397
6993 2267
6994 2299
6995 1875
6996 2119
6997 2171
6998 2036
6999 1984
7000 1010
7001 0
7110 714
7111 2110
7112 2151
7113 2053
7114 1997
7115 1919
7116 938
7117 993
7118 958
7119 946
7120 968
7121 446
7122 0
7231 699
7232 2419
7233 2309
7234 2253
7235 2046
7236 2145
7237 1112
7238 1112
7239 1171
7240 1101
7241 1179
7242 540
7243 0
7352 781
7353 2480
7354 2491
7355 2171
7356 2105
7357 1938
7358 1172
7359 1204
7360 1527
7361 1410
7362 1138
7363 484
7364 0
7473 684
7474 2403
7475 2412
7476 2770
7477 2239
7478 2075
7479 1240
7480 1043
7481 1294
7482 1358
7483 1255
7484 1216
7485 0
7594 788
7595 2332
7596 2327
7597 2447
7598 2238
7599 2251
7600 1205
7601 1236
7602 1013
7603 904
7604 1090
7605 484
7606 0
7715 0
7716 0
7717 0
7718 0
7719 0
7720 0
7721 0
7722 0
7723 0
7724 0
7725 0
7726 0
7727 0
