10084 1025
10085 1916
10086 2032
10087 2100
10088 2135
10089 1850
10090 3676
10091 3463
10092 3473
10093 3275
10094 3153
10095 1128
10205 989
10206 1975
10207 2071
10208 2015
10209 1987
10210 1694
10211 2900
10212 3318
10213 3497
10214 3149
10215 3095
10216 981
10326 1250
10327 2479
10328 2367
10329 2336
10330 2131
10331 1657
10332 3050
10333 2391
10334 2830
10335 2693
10336 2547
10337 684
10447 1821
10448 3493
10449 3763
10450 3721
10451 3608
10452 2379
10453 2893
10454 2792
10455 2645
10456 2663
10457 2545
10458 663
10568 1945
10569 3475
10570 3670
10571 3596
10572 3338
10573 2316
10574 2450
10575 2939
10576 2460
10577 1907
10578 1963
10579 879
10689 1706
10690 3251
10691 3451
10692 3164
10693 2956
10694 2340
10695 2771
10696 2350
10697 1954
10698 1932
10699 2104
10700 686
10810 1561
10811 2983
10812 2935
10813 3023
10814 2730
10815 2182
10816 2397
10817 2349
10818 2208
10819 2289
10820 2299
10821 767
10931 1542
10932 2427
10933 2589
10934 2426
10935 2224
10936 2090
10937 2322
10938 2063
10939 2438
10940 2453
10941 2378
10942 814
11052 787
11053 1147
11054 1079
11055 1129
11056 1006
11057 840
11058 1135
11059 940
11060 1104
11061 1063
11062 932
11063 301
9600 0
9601 0
9602 0
9603 0
9604 0
9605 0
9606 0
9607 0
9608 0
9609 0
9610 0
9611 0
9721 601
9722 1350
9723 1425
9724 1324
9725 1198
9726 950
9727 2283
9728 2705
9729 3062
9730 2239
9731 2069
9732 832
9842 911
9843 2091
9844 1999
9845 2118
9846 2282
9847 1842
9848 3756
9849 3359
9850 3239
9851 3367
9852 3108
9853 1115
9963 1044
9964 2188
9965 1948
9966 2242
9967 2177
9968 1890
9969 3715
9970 3781
9971 4126
9972 3365
9973 3080
9974 1101
