10052 290
10053 1253
10054 1261
10055 1293
10056 1494
10057 1517
10058 1326
10059 1657
10060 1804
10061 1970
10062 1957
10063 1140
10064 0
10173 315
10174 1447
10175 1439
10176 1631
10177 1716
10178 1708
10179 1042
10180 1217
10181 1342
10182 1438
10183 1581
10184 1124
10185 0
10294 306
10295 1422
10296 1501
10297 1483
10298 1610
10299 1723
10300 979
10301 1145
10302 1283
10303 1359
10304 1463
10305 1027
10306 0
10415 286
10416 1378
10417 1538
10418 1508
10419 1606
10420 1733
10421 930
10422 1066
10423 1295
10424 1402
10425 1418
10426 975
10427 0
10536 224
10537 1289
10538 1377
10539 1378
10540 1452
10541 1608
10542 983
10543 1003
10544 1194
10545 1209
10546 1422
10547 947
10548 0
10657 258
10658 1278
10659 1339
10660 1289
10661 1376
10662 1510
10663 864
10664 1003
10665 1003
10666 1158
10667 1274
10668 980
10669 0
10778 212
10779 1263
10780 1277
10781 1266
10782 1401
10783 1341
10784 826
10785 875
10786 929
10787 1095
10788 1240
10789 859
10790 0
10899 49
10900 220
10901 226
10902 221
10903 234
10904 205
10905 116
10906 142
10907 161
10908 108
10909 140
10910 63
9326 134
9327 942
9328 967
9329 952
9330 939
9331 1013
9332 886
9333 982
9334 967
9335 884
9336 821
9337 572
9338 0
9447 262
9448 1582
9449 1661
9450 1807
9451 1907
9452 2021
9453 1932
9454 2374
9455 2462
9456 2586
9457 2623
9458 1762
9459 0
9568 288
9569 1622
9570 1478
9571 1822
9572 1996
9573 2080
9574 1931
9575 2326
9576 2439
9577 2469
9578 2693
9579 1883
9580 0
9689 298
9690 1597
9691 1703
9692 1621
9693 1870
9694 1978
9695 1896
9696 2309
9697 2373
9698 2533
9699 2655
9700 1900
9701 0
9810 311
9811 1632
9812 1616
9813 1713
9814 1777
9815 1927
9816 1773
9817 2229
9818 2498
9819 2450
9820 2708
9821 1746
9822 0
9931 345
9932 1485
9933 1641
9934 1754
9935 1692
9936 1977
9937 1815
9938 2227
9939 2354
9940 2464
9941 2672
9942 1370
9943 0
