1362 0
1363 146
1364 200
1365 155
1366 157
1367 128
1368 100
1369 224
1370 200
1371 167
1372 144
1373 92
1374 1
1483 0
1484 1029
1485 1357
1486 1454
1487 1460
1488 1596
1489 1236
1490 1690
1491 1647
1492 1873
1493 1947
1494 1981
1495 208
1604 0
1605 1172
1606 1436
1607 1440
1608 1519
1609 1593
1610 1267
1611 1687
1612 1955
1613 1972
1614 2218
1615 2384
1616 226
1725 0
1726 1187
1727 1467
1728 1465
1729 1551
1730 1639
1731 1271
1732 1712
1733 2041
1734 2109
1735 2211
1736 2360
1737 186
1846 0
1847 1311
1848 1600
1849 1591
1850 1731
1851 1669
1852 1311
1853 2116
1854 2112
1855 2215
1856 2348
1857 2290
1858 167
1967 0
1968 1466
1969 1549
1970 1567
1971 1697
1972 1783
1973 1336
1974 1960
1975 2255
1976 2364
1977 2359
1978 2438
1979 171
2088 0
2089 1380
2090 1559
2091 1530
2092 1640
2093 1759
2094 1364
2095 1841
2096 2130
2097 2087
2098 2110
2099 2144
2100 181
2209 0
2210 1446
2211 1603
2212 1630
2213 1855
2214 1921
2215 2090
2216 2029
2217 2562
2218 2633
2219 2843
2220 2821
2221 197
2330 0
2331 1577
2332 1837
2333 1862
2334 2050
2335 2015
2336 1862
2337 2444
2338 2621
2339 2616
2340 2770
2341 2710
2342 207
2451 0
2452 1506
2453 2029
2454 1972
2455 2088
2456 2287
2457 1908
2458 2680
2459 2724
2460 2572
2461 2659
2462 2754
2463 234
2572 0
2573 1491
2574 2108
2575 2112
2576 2057
2577 2194
2578 1779
2579 2370
2580 2777
2581 2492
2582 2648
2583 2761
2584 231
2693 0
2694 1459
2695 2025
2696 2143
2697 2186
2698 2284
2699 2116
2700 2329
2701 2650
2702 2772
2703 2786
2704 2892
2705 254
2814 0
2815 792
2816 1089
2817 1154
2818 1124
2819 1260
2820 1015
2821 1251
2822 1283
2823 1220
2824 1230
2825 1153
2826 80
2935 0
2936 0
2937 0
2938 0
2939 0
2940 0
2941 0
2942 0
2943 0
2944 0
2945 0
2946 0
2947 0
