6859 547
6860 1213
6861 1238
6862 1205
6863 935
6864 1039
6865 1210
6866 1127
6867 972
6868 942
6869 835
6870 255
6980 919
6981 1871
6982 2040
6983 1822
6984 1743
6985 1671
6986 1984
6987 2032
6988 1803
6989 1856
6990 1744
6991 571
7101 1065
7102 2074
7103 2149
7104 1984
7105 1788
7106 1579
7107 1979
7108 1970
7109 1876
7110 1990
7111 1893
7112 633
7222 1209
7223 2054
7224 2054
7225 1934
7226 1951
7227 1699
7228 1932
7229 1857
7230 2141
7231 1953
7232 2064
7233 595
7343 1007
7344 1933
7345 1963
7346 1860
7347 1663
7348 1600
7349 1970
7350 1953
7351 2010
7352 1991
7353 2095
7354 615
7464 888
7465 1595
7466 1778
7467 1649
7468 1595
7469 1318
7470 1300
7471 1346
7472 1351
7473 1341
7474 1364
7475 462
7585 1100
7586 1964
7587 2015
7588 1930
7589 2001
7590 1556
7591 1295
7592 1318
7593 1347
7594 1327
7595 1323
7596 480
7706 1245
7707 2101
7708 2299
7709 2144
7710 2180
7711 1764
7712 1301
7713 1467
7714 1500
7715 1373
7716 1382
7717 546
7827 1125
7828 2132
7829 2120
7830 2297
7831 2343
7832 1768
7833 1378
7834 1421
7835 1395
7836 1338
7837 1267
7838 471
7948 1158
7949 2205
7950 2333
7951 2317
7952 2217
7953 1888
7954 1309
7955 1281
7956 1513
7957 1481
7958 1320
7959 519
8069 412
8070 1031
8071 1042
8072 1006
8073 1078
8074 747
8075 596
8076 614
8077 596
8078 589
8079 592
8080 125
