6965 0
6966 430
6967 577
6968 594
6969 516
6970 384
6971 399
6972 533
6973 543
6974 531
6975 494
6976 424
6977 3
7086 0
7087 1809
7088 2066
7089 2073
7090 1999
7091 1793
7092 1586
7093 2336
7094 2588
7095 2708
7096 2673
7097 2787
7098 3
7207 0
7208 1774
7209 1855
7210 1951
7211 2066
7212 2103
7213 1761
7214 2600
7215 2543
7216 2621
7217 2774
7218 2740
7219 0
7328 0
7329 1847
7330 1953
7331 2121
7332 2160
7333 2090
7334 1843
7335 2559
7336 2461
7337 2416
7338 2449
7339 2498
7340 0
7449 0
7450 2216
7451 2156
7452 2119
7453 2058
7454 2052
7455 1800
7456 2438
7457 2376
7458 2201
7459 2155
7460 2225
7461 0
7570 3
7571 2066
7572 1992
7573 1853
7574 1953
7575 1944
7576 1703
7577 2192
7578 2150
7579 2158
7580 2216
7581 2247
7582 0
7691 0
7692 2503
7693 2800
7694 2587
7695 2458
7696 2485
7697 2106
7698 2702
7699 2766
7700 2537
7701 2707
7702 2678
7703 0
7812 0
7813 2493
7814 2714
7815 2441
7816 2340
7817 2341
7818 2117
7819 2764
7820 2716
7821 2559
7822 2586
7823 2806
7824 0
7933 0
7934 2559
7935 2708
7936 2544
7937 2644
7938 2460
7939 2246
7940 2740
7941 2726
7942 2620
7943 2659
7944 2657
7945 0
8054 0
8055 2343
8056 2776
8057 2590
8058 2759
8059 2680
8060 2278
8061 2742
8062 2916
8063 2750
8064 2625
8065 2637
8066 0
8175 0
8176 1966
8177 2349
8178 2680
8179 2685
8180 2617
8181 2315
8182 2313
8183 2588
8184 2515
8185 2451
8186 2541
8187 0
8296 0
8297 284
8298 408
8299 434
8300 438
8301 405
8302 316
8303 310
8304 292
8305 245
8306 238
8307 179
8308 0
