5184 0
5185 0
5186 0
5187 0
5188 0
5189 0
5190 0
5191 0
5192 0
5193 0
5194 0
5195 0
5305 1383
5306 2050
5307 1894
5308 1852
5309 1799
5310 1545
5311 1933
5312 1840
5313 1746
5314 1683
5315 1688
5316 166
5426 1603
5427 2051
5428 1944
5429 1959
5430 2032
5431 1538
5432 2057
5433 2078
5434 2077
5435 1968
5436 3594
5437 169
5547 1603
5548 2142
5549 1999
5550 1966
5551 1919
5552 1606
5553 1848
5554 1963
5555 1995
5556 2030
5557 1911
5558 187
5668 1642
5669 2163
5670 2201
5671 2080
5672 2033
5673 1626
5674 1964
5675 1998
5676 2075
5677 2052
5678 1989
5679 225
5789 1581
5790 1661
5791 1753
5792 1594
5793 1610
5794 1345
5795 1593
5796 1552
5797 1570
5798 1733
5799 1538
5800 127
5910 1582
5911 1910
5912 1837
5913 1778
5914 1733
5915 1215
5916 1250
5917 1323
5918 1313
5919 1420
5920 1301
5921 193
6031 1512
6032 1855
6033 1771
6034 1816
6035 1752
6036 1276
6037 1276
6038 1312
6039 1474
6040 1445
6041 1301
6042 165
6152 1455
6153 1848
6154 1739
6155 1782
6156 1742
6157 1228
6158 1178
6159 1143
6160 1150
6161 1365
6162 1416
6163 170
6273 1505
6274 1877
6275 1809
6276 1658
6277 1721
6278 1418
6279 1392
6280 1148
6281 1059
6282 1205
6283 1319
6284 163
6394 949
6395 1235
6396 1137
6397 1065
6398 1213
6399 848
6400 869
6401 808
6402 704
6403 667
6404 810
6405 91
6515 0
6516 0
6517 0
6518 0
6519 0
6520 0
6521 0
6522 0
6523 0
6524 0
6525 0
6526 0
