10015 0
10016 1327
10017 1572
10018 1502
10019 1536
10020 1438
10021 1091
10022 1107
10023 1109
10024 1102
10025 1032
10026 1023
10027 39
10136 0
10137 1504
10138 1737
10139 1675
10140 1531
10141 1580
10142 1236
10143 1311
10144 1203
10145 1214
10146 1173
10147 1119
10148 61
10257 0
10258 1443
10259 1696
10260 1650
10261 1522
10262 1477
10263 1338
10264 1369
10265 1280
10266 1114
10267 1155
10268 1169
10269 41
10378 0
10379 1382
10380 1598
10381 1538
10382 1514
10383 1535
10384 1220
10385 1246
10386 1097
10387 1170
10388 1138
10389 1196
10390 69
10499 0
10500 1350
10501 1568
10502 1512
10503 1504
10504 1516
10505 1149
10506 1075
10507 1135
10508 1138
10509 1202
10510 1179
10511 80
10620 0
10621 108
10622 107
10623 98
10624 64
10625 54
10626 53
10627 52
10628 40
10629 27
10630 12
10631 1
10632 0
9410 0
9411 1033
9412 1336
9413 1223
9414 1180
9415 1091
9416 856
9417 1076
9418 939
9419 898
9420 863
9421 738
9422 24
9531 0
9532 1459
9533 1710
9534 1711
9535 1680
9536 1505
9537 1272
9538 1457
9539 1532
9540 1455
9541 1356
9542 1264
9543 28
9652 0
9653 1553
9654 1723
9655 1650
9656 1677
9657 1680
9658 1300
9659 1527
9660 1377
9661 1533
9662 1324
9663 1259
9664 18
9773 0
9774 1535
9775 1801
9776 1693
9777 1762
9778 1601
9779 1337
9780 1535
9781 1412
9782 1371
9783 1358
9784 1321
9785 10
9894 0
9895 1608
9896 1842
9897 1768
9898 1815
9899 1643
9900 1347
9901 1445
9902 1386
9903 1315
9904 1344
9905 1358
9906 2
