3103 813
3104 2113
3105 2039
3106 1982
3107 1941
3108 1791
3109 1701
3110 1815
3111 1664
3112 1548
3113 1429
3114 542
3224 1412
3225 3206
3226 3140
3227 3110
3228 3029
3229 2780
3230 2708
3231 2915
3232 2775
3233 2822
3234 2502
3235 1074
3345 1452
3346 3350
3347 3273
3348 3147
3349 3012
3350 2692
3351 2821
3352 2889
3353 2792
3354 2757
3355 2595
3356 1084
3466 1636
3467 3359
3468 3348
3469 3224
3470 3161
3471 2878
3472 2820
3473 3060
3474 2933
3475 2775
3476 2730
3477 1009
3587 1503
3588 3107
3589 3225
3590 3074
3591 3171
3592 2818
3593 2838
3594 2908
3595 2872
3596 2656
3597 2560
3598 968
3708 1309
3709 2665
3710 2605
3711 2635
3712 2677
3713 2416
3714 2222
3715 2233
3716 2123
3717 2061
3718 2132
3719 856
3829 1447
3830 3088
3831 2948
3832 2912
3833 2837
3834 2553
3835 2092
3836 2303
3837 2146
3838 2064
3839 2187
3840 915
3950 1380
3951 3080
3952 3176
3953 2908
3954 3009
3955 2535
3956 2088
3957 2369
3958 2270
3959 2203
3960 2277
3961 918
4071 1283
4072 2974
4073 2966
4074 2786
4075 2780
4076 2405
4077 2147
4078 2262
4079 2205
4080 2294
4081 2226
4082 954
4192 1249
4193 2817
4194 2847
4195 2669
4196 2689
4197 2281
4198 1974
4199 2201
4200 2094
4201 2259
4202 2319
4203 944
4313 530
4314 1442
4315 1413
4316 1308
4317 1320
4318 1065
4319 890
4320 1008
4321 957
4322 862
4323 951
4324 292
