11335 507
11336 789
11337 781
11338 809
11339 848
11340 717
11341 657
11342 630
11343 757
11344 563
11345 546
11346 85
11456 995
11457 1527
11458 1505
11459 1614
11460 1655
11461 1439
11462 1516
11463 1512
11464 1301
11465 1490
11466 1312
11467 217
11577 1085
11578 1473
11579 1562
11580 1688
11581 1621
11582 1257
11583 1419
11584 1345
11585 1402
11586 1285
11587 1261
11588 171
11698 1108
11699 1461
11700 1587
11701 1692
11702 1377
11703 1097
11704 1289
11705 1317
11706 1286
11707 1240
11708 1090
11709 164
11819 1101
11820 1350
11821 1383
11822 1371
11823 1240
11824 1086
11825 1166
11826 1261
11827 1212
11828 1153
11829 1100
11830 157
11940 976
11941 1333
11942 1282
11943 1120
11944 1162
11945 861
11946 839
11947 965
11948 768
11949 829
11950 830
11951 92
12061 1011
12062 1301
12063 1249
12064 1168
12065 1142
12066 944
12067 724
12068 706
12069 648
12070 594
12071 631
12072 60
12182 976
12183 1225
12184 1247
12185 1164
12186 1202
12187 927
12188 683
12189 652
12190 626
12191 642
12192 587
12193 71
12303 892
12304 1260
12305 1105
12306 1139
12307 1164
12308 842
12309 735
12310 675
12311 725
12312 532
12313 609
12314 76
12424 835
12425 1318
12426 1183
12427 1138
12428 1071
12429 882
12430 709
12431 643
12432 690
12433 648
12434 616
12435 59
12545 531
12546 731
12547 729
12548 699
12549 607
12550 464
12551 380
12552 418
12553 351
12554 329
12555 302
12556 27
