10005 656
10006 2184
10007 2087
10008 2117
10009 1923
10010 1767
10011 877
10012 1069
10013 994
10014 1027
10015 961
10016 566
10017 0
10126 618
10127 2389
10128 2392
10129 2199
10130 2079
10131 1980
10132 903
10133 1177
10134 1045
10135 1069
10136 946
10137 631
10138 0
10247 493
10248 2047
10249 2136
10250 2065
10251 1886
10252 2094
10253 971
10254 1035
10255 930
10256 912
10257 909
10258 555
10259 0
10368 520
10369 2024
10370 2072
10371 2145
10372 1951
10373 1797
10374 1019
10375 1282
10376 1027
10377 993
10378 888
10379 569
10380 0
10489 405
10490 1729
10491 1682
10492 1828
10493 1579
10494 1552
10495 866
10496 958
10497 852
10498 905
10499 730
10500 407
10501 0
10610 0
10611 0
10612 0
10613 0
10614 0
10615 0
10616 0
10617 0
10618 0
10619 0
10620 0
10621 0
10622 0
9279 40
9280 365
9281 333
9282 305
9283 288
9284 251
9285 172
9286 193
9287 149
9288 97
9289 89
9290 20
9291 0
9400 404
9401 1943
9402 1859
9403 1897
9404 1805
9405 1713
9406 1496
9407 1912
9408 1802
9409 1798
9410 1720
9411 1088
9412 0
9521 454
9522 1941
9523 1757
9524 1817
9525 1846
9526 1840
9527 1496
9528 1983
9529 2044
9530 1999
9531 1643
9532 1005
9533 0
9642 570
9643 2020
9644 2140
9645 2106
9646 2031
9647 1997
9648 1528
9649 1805
9650 2019
9651 2017
9652 1743
9653 1000
9654 0
9763 600
9764 2157
9765 2025
9766 2094
9767 1870
9768 2027
9769 1521
9770 1846
9771 2017
9772 1865
9773 1701
9774 948
9775 0
9884 462
9885 1943
9886 1853
9887 1816
9888 1609
9889 1635
9890 1216
9891 1515
9892 1576
9893 1442
9894 1423
9895 849
9896 0
