1894 562
1895 1512
1896 1502
1897 1338
1898 1231
1899 940
1900 661
1901 1020
1902 812
1903 708
1904 661
1905 211
2015 1244
2016 2704
2017 2683
2018 2597
2019 2558
2020 2271
2021 2159
2022 2315
2023 2224
2024 2253
2025 1953
2026 812
2136 1430
2137 2654
2138 2655
2139 2690
2140 2482
2141 2383
2142 2433
2143 2633
2144 2384
2145 2347
2146 2394
2147 976
2257 1382
2258 2775
2259 2749
2260 2829
2261 2768
2262 2389
2263 2512
2264 2664
2265 2826
2266 2493
2267 2664
2268 964
2378 1415
2379 2936
2380 3079
2381 2943
2382 2826
2383 2422
2384 2499
2385 2837
2386 2664
2387 2674
2388 2657
2389 952
2499 1348
2500 2708
2501 2766
2502 2687
2503 2559
2504 2281
2505 2199
2506 2267
2507 2183
2508 2258
2509 2101
2510 804
2620 1536
2621 3275
2622 3336
2623 3029
2624 3096
2625 2732
2626 2107
2627 2103
2628 2185
2629 1957
2630 1982
2631 747
2741 1503
2742 3096
2743 3177
2744 3263
2745 3119
2746 2811
2747 2202
2748 2204
2749 2127
2750 2242
2751 2046
2752 849
2862 1516
2863 3198
2864 3202
2865 3501
2866 3264
2867 2693
2868 2223
2869 2141
2870 2245
2871 2176
2872 2031
2873 769
2983 1568
2984 3193
2985 3111
2986 3287
2987 3113
2988 2714
2989 2132
2990 2175
2991 2190
2992 2118
2993 2081
2994 826
3104 892
3105 2060
3106 2017
3107 1874
3108 1898
3109 1640
3110 1220
3111 1212
3112 1189
3113 1121
3114 1140
3115 327
3225 0
3226 0
3227 0
3228 0
3229 0
3230 0
3231 0
3232 0
3233 0
3234 0
3235 0
3236 0
