4095 172
4096 549
4097 606
4098 468
4099 489
4100 462
4101 299
4102 319
4103 268
4104 230
4105 185
4106 81
4216 711
4217 2167
4218 2062
4219 2182
4220 1913
4221 1844
4222 1592
4223 1922
4224 1821
4225 1679
4226 1638
4227 821
4337 708
4338 2085
4339 2038
4340 2059
4341 2122
4342 1886
4343 1504
4344 1920
4345 1933
4346 1768
4347 1605
4348 724
4458 808
4459 2012
4460 2139
4461 2037
4462 2040
4463 1977
4464 1596
4465 1781
4466 1734
4467 1784
4468 1763
4469 847
4579 808
4580 2126
4581 2036
4582 2009
4583 2118
4584 1857
4585 1580
4586 1900
4587 1838
4588 2011
4589 1853
4590 874
4700 678
4701 1808
4702 1766
4703 1744
4704 1759
4705 1682
4706 1329
4707 1547
4708 1598
4709 1529
4710 1601
4711 790
4821 730
4822 1930
4823 1911
4824 1808
4825 1807
4826 1971
4827 1705
4828 1825
4829 1752
4830 1780
4831 1779
4832 998
4942 741
4943 1869
4944 1835
4945 1886
4946 1918
4947 1767
4948 1596
4949 1833
4950 1789
4951 1795
4952 1868
4953 827
5063 775
5064 1920
5065 1907
5066 1815
5067 1762
5068 1801
5069 1451
5070 1835
5071 1792
5072 1854
5073 1820
5074 899
5184 810
5185 2000
5186 1954
5187 1971
5188 1838
5189 1944
5190 1509
5191 1667
5192 1744
5193 1784
5194 1619
5195 849
5305 227
5306 678
5307 637
5308 624
5309 597
5310 590
5311 524
5312 701
5313 591
5314 561
5315 598
5316 276
