7049 0
7050 0
7051 0
7052 0
7053 0
7054 0
7055 0
7056 0
7057 0
7058 0
7059 0
7060 0
7170 646
7171 2607
7172 2629
7173 2729
7174 2761
7175 2853
7176 3587
7177 3395
7178 3553
7179 3691
7180 3790
7181 1542
7291 739
7292 2820
7293 2895
7294 3046
7295 3060
7296 3364
7297 3893
7298 3954
7299 4063
7300 4563
7301 4717
7302 1808
7412 726
7413 2713
7414 2794
7415 2977
7416 3201
7417 3397
7418 3899
7419 3953
7420 4367
7421 4444
7422 4641
7423 1753
7533 804
7534 2775
7535 2696
7536 3082
7537 2982
7538 3239
7539 3894
7540 4077
7541 4322
7542 4573
7543 4815
7544 1733
7654 837
7655 2785
7656 2860
7657 2948
7658 3190
7659 3205
7660 3893
7661 4138
7662 4582
7663 4642
7664 4815
7665 1815
7775 828
7776 2634
7777 2961
7778 2884
7779 2986
7780 3217
7781 3528
7782 3548
7783 3882
7784 4124
7785 4401
7786 1606
7896 1499
7897 3013
7898 3385
7899 3508
7900 3800
7901 3340
7902 4253
7903 4544
7904 4824
7905 4819
7906 5120
7907 1871
8017 1412
8018 3113
8019 3547
8020 3585
8021 3775
8022 3454
8023 4270
8024 4490
8025 4881
8026 4893
8027 5245
8028 1882
8138 1300
8139 3228
8140 3304
8141 3618
8142 3686
8143 3442
8144 4325
8145 4775
8146 5163
8147 5159
8148 5292
8149 1963
8259 1659
8260 3351
8261 3286
8262 3581
8263 3789
8264 3373
8265 4415
8266 4674
8267 4963
8268 5226
8269 5359
8270 1901
8380 1623
8381 3222
8382 3276
8383 3551
8384 3771
8385 3425
8386 4228
8387 4753
8388 4926
8389 5415
8390 4994
8391 1993
8501 1228
8502 2536
8503 2703
8504 2799
8505 2948
8506 2675
8507 3257
8508 3115
8509 3427
8510 3553
8511 3669
8512 1373
8622 0
8623 0
8624 0
8625 0
8626 0
8627 0
8628 0
8629 0
8630 0
8631 0
8632 0
8633 0
