10778 0
10779 0
10780 0
10781 0
10782 0
10783 0
10784 0
10785 0
10786 0
10787 0
10788 0
10789 0
10790 0
10899 0
10900 633
10901 836
10902 853
10903 870
10904 894
10905 747
10906 947
10907 886
10908 1014
10909 975
10910 987
10911 0
11020 0
11021 802
11022 1013
11023 1100
11024 1138
11025 1278
11026 1069
11027 1394
11028 1443
11029 1549
11030 1756
11031 1757
11032 0
11141 0
11142 804
11143 943
11144 957
11145 1162
11146 1231
11147 1078
11148 1296
11149 1319
11150 1403
11151 1544
11152 1642
11153 0
11262 0
11263 758
11264 892
11265 989
11266 1051
11267 1153
11268 1014
11269 1239
11270 1330
11271 1382
11272 1494
11273 1497
11274 0
11383 0
11384 765
11385 841
11386 903
11387 1062
11388 1092
11389 904
11390 1184
11391 1277
11392 1426
11393 1379
11394 1393
11395 0
11504 0
11505 627
11506 798
11507 815
11508 975
11509 1059
11510 918
11511 1122
11512 1146
11513 1219
11514 1213
11515 1210
11516 0
11625 0
11626 519
11627 625
11628 657
11629 708
11630 767
11631 708
11632 976
11633 1057
11634 984
11635 1095
11636 1074
11637 18
11746 0
11747 624
11748 720
11749 735
11750 866
11751 791
11752 725
11753 1047
11754 1098
11755 1205
11756 1235
11757 1286
11758 40
11867 0
11868 632
11869 640
11870 685
11871 735
11872 787
11873 696
11874 947
11875 980
11876 1257
11877 1117
11878 1223
11879 55
11988 0
11989 580
11990 701
11991 747
11992 720
11993 772
11994 618
11995 879
11996 820
11997 879
11998 1026
11999 1031
12000 33
12109 0
12110 567
12111 626
12112 634
12113 693
12114 722
12115 582
12116 799
12117 864
12118 940
12119 850
12120 956
12121 35
12230 0
12231 550
12232 608
12233 650
12234 712
12235 633
12236 613
12237 728
12238 786
12239 833
12240 829
12241 870
12242 45
12351 0
12352 535
12353 564
12354 592
12355 580
12356 566
12357 477
12358 668
12359 644
12360 636
12361 668
12362 647
12363 28
12472 0
12473 0
12474 0
12475 0
12476 0
12477 0
12478 0
12479 0
12480 0
12481 0
12482 0
12483 0
12484 0
