1833 17
1834 96
1835 78
1836 48
1837 35
1838 1
1839 0
1840 0
1841 0
1842 0
1843 0
1844 0
1845 0
1954 204
1955 1309
1956 1106
1957 1132
1958 1115
1959 1274
1960 1006
1961 1255
1962 1221
1963 1133
1964 1108
1965 770
1966 0
2075 257
2076 1124
2077 1134
2078 1137
2079 1148
2080 1248
2081 1020
2082 1315
2083 1352
2084 1437
2085 1450
2086 958
2087 0
2196 245
2197 1087
2198 1136
2199 1093
2200 1209
2201 1261
2202 1218
2203 1446
2204 1334
2205 1433
2206 1580
2207 973
2208 0
2317 284
2318 1214
2319 1087
2320 1149
2321 1197
2322 1612
2323 1170
2324 1486
2325 1277
2326 1382
2327 1475
2328 978
2329 0
2438 313
2439 1110
2440 1114
2441 1106
2442 1299
2443 1925
2444 1198
2445 1327
2446 1311
2447 1346
2448 1491
2449 948
2450 0
2559 318
2560 1183
2561 1223
2562 1252
2563 1519
2564 1517
2565 1105
2566 1449
2567 1409
2568 1387
2569 1591
2570 921
2571 0
2680 274
2681 1030
2682 1056
2683 1151
2684 1214
2685 1226
2686 904
2687 1332
2688 1285
2689 1360
2690 1459
2691 1166
2692 0
2801 316
2802 1219
2803 1304
2804 1368
2805 1409
2806 1327
2807 992
2808 1333
2809 1277
2810 1382
2811 1500
2812 1175
2813 0
2922 336
2923 1267
2924 1386
2925 1367
2926 1461
2927 1343
2928 966
2929 1357
2930 1383
2931 1415
2932 1720
2933 1194
2934 0
3043 320
3044 1365
3045 1199
3046 1424
3047 1480
3048 1429
3049 951
3050 1338
3051 1377
3052 1413
3053 1621
3054 1327
3055 0
3164 342
3165 1386
3166 1413
3167 1348
3168 1427
3169 1438
3170 971
3171 1353
3172 1457
3173 1507
3174 1812
3175 1411
3176 0
3285 346
3286 1455
3287 1505
3288 1440
3289 1540
3290 1360
3291 1006
3292 1332
3293 1491
3294 1453
3295 1763
3296 1248
3297 0
3406 89
3407 438
3408 373
3409 366
3410 311
3411 296
3412 108
3413 86
3414 74
3415 41
3416 9
3417 0
3418 0
