6671 0
6672 0
6673 0
6674 0
6675 0
6676 0
6677 0
6678 0
6679 0
6680 0
6681 0
6682 0
6792 1309
6793 2207
6794 2113
6795 1844
6796 1918
6797 1748
6798 1946
6799 2049
6800 2068
6801 2143
6802 2159
6803 420
6913 1450
6914 2197
6915 2327
6916 2114
6917 2177
6918 1930
6919 2464
6920 2562
6921 2651
6922 2628
6923 2885
6924 653
7034 1549
7035 2366
7036 2435
7037 2216
7038 2330
7039 1904
7040 2438
7041 2612
7042 2353
7043 2738
7044 2937
7045 573
7155 1624
7156 2397
7157 2392
7158 2389
7159 2278
7160 1843
7161 2652
7162 2721
7163 2837
7164 2814
7165 2938
7166 592
7276 1791
7277 2632
7278 2356
7279 2335
7280 2234
7281 1947
7282 2705
7283 2695
7284 2709
7285 2697
7286 2884
7287 513
7397 1742
7398 2648
7399 2433
7400 2074
7401 2513
7402 1882
7403 2743
7404 2680
7405 2755
7406 2796
7407 2859
7408 539
7518 1500
7519 2211
7520 2110
7521 2188
7522 2321
7523 1736
7524 2243
7525 1934
7526 2314
7527 2207
7528 2514
7529 461
7639 1816
7640 2566
7641 2568
7642 2758
7643 2768
7644 2331
7645 2881
7646 2720
7647 2844
7648 2806
7649 3068
7650 545
7760 1778
7761 2771
7762 2869
7763 2728
7764 2729
7765 2421
7766 3095
7767 2919
7768 2994
7769 2956
7770 2974
7771 556
7881 1776
7882 2771
7883 2765
7884 2775
7885 2773
7886 2439
7887 2897
7888 3026
7889 3090
7890 2989
7891 2878
7892 520
8002 1856
8003 2898
8004 2873
8005 2746
8006 2675
8007 2388
8008 2919
8009 2986
8010 2999
8011 3079
8012 2860
8013 595
8123 1632
8124 2906
8125 2787
8126 2796
8127 2788
8128 2297
8129 2788
8130 2746
8131 2899
8132 3045
8133 2946
8134 541
8244 782
8245 1340
8246 1294
8247 1268
8248 1261
8249 968
8250 1187
8251 1050
8252 1074
8253 1021
8254 971
8255 126
