3522 0
3523 0
3524 0
3525 0
3526 0
3527 0
3528 0
3529 0
3530 0
3531 0
3532 0
3533 0
3534 0
3643 192
3644 1169
3645 1161
3646 1156
3647 1165
3648 1263
3649 1131
3650 1411
3651 1332
3652 1320
3653 1226
3654 1081
3655 0
3764 270
3765 1144
3766 1175
3767 1237
3768 1392
3769 1514
3770 1112
3771 1510
3772 1461
3773 1445
3774 1512
3775 1145
3776 0
3885 283
3886 1140
3887 1262
3888 1311
3889 1524
3890 1510
3891 1166
3892 1364
3893 1514
3894 1616
3895 1543
3896 1104
3897 0
4006 300
4007 1156
4008 1298
4009 1392
4010 1539
4011 1409
4012 1213
4013 1611
4014 1554
4015 1633
4016 1515
4017 1172
4018 0
4127 310
4128 1238
4129 1273
4130 1398
4131 1486
4132 1415
4133 1145
4134 1490
4135 1541
4136 1588
4137 1585
4138 1108
4139 0
4248 348
4249 1320
4250 1317
4251 1388
4252 1464
4253 1540
4254 1128
4255 1440
4256 1499
4257 1588
4258 1607
4259 1120
4260 0
4369 215
4370 1273
4371 1339
4372 1404
4373 1459
4374 1344
4375 1129
4376 1330
4377 1324
4378 1330
4379 1496
4380 985
4381 0
4490 221
4491 1290
4492 1360
4493 1483
4494 1512
4495 1451
4496 1376
4497 1682
4498 1610
4499 1753
4500 1786
4501 1351
4502 0
4611 203
4612 1317
4613 1453
4614 1566
4615 1599
4616 1639
4617 1373
4618 1752
4619 1670
4620 1764
4621 1901
4622 1351
4623 0
4732 209
4733 1405
4734 1548
4735 1538
4736 1494
4737 1656
4738 1383
4739 1591
4740 1613
4741 1743
4742 1898
4743 1337
4744 0
4853 165
4854 1307
4855 1472
4856 1453
4857 1542
4858 1675
4859 1432
4860 1838
4861 1726
4862 1726
4863 1885
4864 1426
4865 0
4974 142
4975 1314
4976 1476
4977 1495
4978 1463
4979 1626
4980 1403
4981 1706
4982 1758
4983 1711
4984 1821
4985 1405
4986 0
5095 36
5096 619
5097 690
5098 724
5099 734
5100 732
5101 640
5102 732
5103 621
5104 641
5105 663
5106 376
5107 0
5216 0
5217 0
5218 0
5219 0
5220 0
5221 0
5222 0
5223 0
5224 0
5225 0
5226 0
5227 0
5228 0
