1822 0
1823 0
1824 0
1825 0
1826 0
1827 0
1828 0
1829 0
1830 0
1831 0
1832 0
1833 0
1834 0
1943 0
1944 642
1945 776
1946 783
1947 771
1948 710
1949 611
1950 687
1951 623
1952 653
1953 555
1954 553
1955 0
2064 0
2065 781
2066 881
2067 964
2068 875
2069 874
2070 761
2071 876
2072 937
2073 932
2074 868
2075 911
2076 0
2185 0
2186 643
2187 840
2188 956
2189 961
2190 908
2191 763
2192 918
2193 960
2194 906
2195 861
2196 866
2197 0
2306 0
2307 687
2308 824
2309 851
2310 838
2311 963
2312 759
2313 894
2314 895
2315 846
2316 944
2317 842
2318 0
2427 0
2428 737
2429 779
2430 834
2431 830
2432 849
2433 772
2434 935
2435 861
2436 858
2437 918
2438 834
2439 0
2548 0
2549 768
2550 774
2551 769
2552 865
2553 902
2554 757
2555 879
2556 914
2557 894
2558 900
2559 872
2560 0
2669 0
2670 690
2671 680
2672 686
2673 719
2674 704
2675 647
2676 990
2677 918
2678 942
2679 1020
2680 1014
2681 51
2790 0
2791 694
2792 803
2793 800
2794 852
2795 879
2796 667
2797 1085
2798 1326
2799 1044
2800 1107
2801 1108
2802 88
2911 0
2912 859
2913 744
2914 809
2915 828
2916 889
2917 631
2918 1143
2919 1078
2920 1071
2921 1123
2922 1166
2923 93
3032 0
3033 715
3034 769
3035 798
3036 839
3037 823
3038 673
3039 1104
3040 1082
3041 1160
3042 1136
3043 1200
3044 97
3153 0
3154 688
3155 840
3156 824
3157 850
3158 821
3159 617
3160 1125
3161 1099
3162 1136
3163 1162
3164 1232
3165 118
3274 0
3275 691
3276 798
3277 815
3278 833
3279 861
3280 621
3281 1007
3282 1152
3283 1168
3284 1206
3285 1235
3286 117
3395 0
3396 711
3397 789
3398 757
3399 713
3400 794
3401 626
3402 876
3403 845
3404 947
3405 955
3406 1049
3407 103
3516 0
3517 10
3518 2
3519 0
3520 0
3521 0
3522 0
3523 0
3524 0
3525 0
3526 0
3527 0
3528 0
