4084 98
4085 291
4086 244
4087 246
4088 174
4089 123
4090 88
4091 65
4092 39
4093 15
4094 0
4095 0
4205 1040
4206 2221
4207 2252
4208 2324
4209 2290
4210 2063
4211 2204
4212 2145
4213 2072
4214 1927
4215 1873
4216 640
4326 1147
4327 2311
4328 2296
4329 2437
4330 2497
4331 2006
4332 2203
4333 2145
4334 1930
4335 1883
4336 1913
4337 683
4447 1186
4448 2222
4449 2467
4450 2415
4451 2335
4452 1978
4453 2309
4454 2158
4455 2064
4456 2035
4457 1856
4458 683
4568 1159
4569 2367
4570 2282
4571 2301
4572 2335
4573 1894
4574 2129
4575 2138
4576 2084
4577 2088
4578 2185
4579 695
4689 971
4690 1940
4691 1922
4692 1911
4693 1904
4694 1629
4695 1855
4696 1745
4697 1864
4698 1856
4699 1774
4700 559
4810 1079
4811 2097
4812 2069
4813 2085
4814 2131
4815 1795
4816 1613
4817 1556
4818 1720
4819 1621
4820 1567
4821 534
4931 987
4932 2022
4933 2176
4934 2055
4935 2064
4936 1846
4937 1582
4938 1644
4939 1648
4940 1693
4941 1538
4942 508
5052 988
5053 1918
5054 2041
5055 2145
5056 2016
5057 1778
5058 1584
5059 1442
5060 1495
5061 1463
5062 1515
5063 515
5173 1024
5174 2019
5175 2055
5176 1920
5177 1984
5178 1692
5179 1574
5180 1505
5181 1494
5182 1456
5183 1434
5184 523
5294 734
5295 1545
5296 1522
5297 1445
5298 1502
5299 1256
5300 1154
5301 1072
5302 972
5303 962
5304 893
5305 355
5415 0
5416 0
5417 0
5418 0
5419 0
5420 0
5421 0
5422 0
5423 0
5424 0
5425 0
5426 0
