8249 627
8250 1944
8251 1810
8252 1997
8253 1482
8254 1769
8255 1023
8256 1662
8257 1283
8258 1572
8259 1598
8260 757
8370 1044
8371 3239
8372 3112
8373 3184
8374 2931
8375 3192
8376 2846
8377 2838
8378 3762
8379 3651
8380 3821
8381 1832
8491 1092
8492 3238
8493 3274
8494 3390
8495 3553
8496 3514
8497 2952
8498 3450
8499 3625
8500 3753
8501 3919
8502 1922
8612 1225
8613 3261
8614 3342
8615 3403
8616 3458
8617 3521
8618 3119
8619 3103
8620 3990
8621 3774
8622 3869
8623 1906
8733 1282
8734 3315
8735 3382
8736 3485
8737 3539
8738 3682
8739 3046
8740 3730
8741 2731
8742 3733
8743 3829
8744 1900
8854 1264
8855 3343
8856 3421
8857 3468
8858 3523
8859 3544
8860 2943
8861 3797
8862 3782
8863 3752
8864 3843
8865 1836
8976 2821
8977 2887
8978 2983
8979 3058
8980 3026
8981 2073
8982 2788
8983 3001
8984 2872
8985 2979
8986 1408
9097 3460
9098 3431
9099 3417
9100 3625
9101 3567
9102 2557
9103 3201
9104 3080
9105 3486
9106 3530
9107 1622
9217 1360
9218 3413
9219 3453
9220 3512
9221 3692
9222 3589
9223 2748
9224 3106
9225 3144
9226 3455
9227 3490
9228 1779
9338 1281
9339 3640
9340 3541
9341 3746
9342 3681
9343 3754
9344 2951
9345 3206
9346 3007
9347 3427
9348 3624
9349 1817
9459 1338
9460 3631
9461 3635
9462 3753
9463 3869
9464 3936
9465 2934
9466 3323
9467 3217
9468 3071
9469 3437
9470 1764
9580 1272
9581 3527
9582 3669
9583 3729
9584 3927
9585 3452
9586 2863
9587 3454
9588 3546
9589 3422
9590 3429
9591 1714
9701 787
9702 2327
9703 2369
9704 2236
9705 1980
9706 1922
9707 1639
9708 2026
9709 1986
9710 1927
9711 1911
9712 880
9822 0
9823 0
9824 0
9825 0
9826 0
9827 0
9828 0
9829 0
9830 0
9831 0
9832 0
9833 0
