7261 0
7262 551
7263 603
7264 668
7265 653
7266 596
7267 469
7268 742
7269 709
7270 735
7271 715
7272 786
7273 104
7382 0
7383 909
7384 1166
7385 1176
7386 1228
7387 1216
7388 1050
7389 1420
7390 1560
7391 1635
7392 1799
7393 1879
7394 247
7503 0
7504 926
7505 1165
7506 1209
7507 1281
7508 1325
7509 1107
7510 1523
7511 1525
7512 1643
7513 1724
7514 1935
7515 209
7624 0
7625 898
7626 1204
7627 1280
7628 1343
7629 1353
7630 1060
7631 1495
7632 1539
7633 1682
7634 1806
7635 1969
7636 200
7745 0
7746 962
7747 1117
7748 1236
7749 1277
7750 1319
7751 1071
7752 1536
7753 1623
7754 1730
7755 1829
7756 1933
7757 178
7866 0
7867 1034
7868 1219
7869 1302
7870 1299
7871 1376
7872 1127
7873 1575
7874 1606
7875 1777
7876 1939
7877 2044
7878 182
7987 0
7988 819
7989 1140
7990 1198
7991 1237
7992 1366
7993 1037
7994 1329
7995 1358
7996 1453
7997 1540
7998 1680
7999 167
8108 0
8109 940
8110 1293
8111 1279
8112 1365
8113 1449
8114 1327
8115 1717
8116 1675
8117 1891
8118 1956
8119 2064
8120 223
8229 0
8230 925
8231 1258
8232 1291
8233 1487
8234 1463
8235 1229
8236 1715
8237 1722
8238 1853
8239 1938
8240 2092
8241 192
8350 0
8351 944
8352 1225
8353 1289
8354 1385
8355 1494
8356 1279
8357 1551
8358 1617
8359 1782
8360 1902
8361 1989
8362 195
8471 0
8472 871
8473 1191
8474 1228
8475 1314
8476 1434
8477 1281
8478 1542
8479 1863
8480 1785
8481 1951
8482 2087
8483 221
8592 0
8593 914
8594 1172
8595 1193
8596 1346
8597 1382
8598 1273
8599 1607
8600 1739
8601 1917
8602 1900
8603 2139
8604 239
8713 0
8714 827
8715 1224
8716 1317
8717 1336
8718 1381
8719 1264
8720 1613
8721 1710
8722 1778
8723 1961
8724 2110
8725 261
8834 0
8835 415
8836 561
8837 604
8838 573
8839 535
8840 490
8841 600
8842 598
8843 591
8844 626
8845 562
8846 77
8955 0
8956 0
8957 0
8958 0
8959 0
8960 0
8961 0
8962 0
8963 0
8964 0
8965 0
8966 0
8967 0
