1010 906
1011 1799
1012 1709
1013 1693
1014 1710
1015 1545
1016 1993
1017 1787
1018 1739
1019 1816
1020 1698
1021 593
1131 995
1132 1831
1133 1906
1134 1940
1135 1961
1136 1674
1137 1921
1138 1964
1139 1833
1140 1853
1141 1966
1142 581
1252 960
1253 1871
1254 2005
1255 2040
1256 2116
1257 1793
1258 2017
1259 2045
1260 1912
1261 1963
1262 1914
1263 694
1373 937
1374 1696
1375 1736
1376 1746
1377 1934
1378 1660
1379 1798
1380 1888
1381 1792
1382 1798
1383 1906
1384 628
1494 1052
1495 2184
1496 2310
1497 2221
1498 2147
1499 1888
1500 2294
1501 2073
1502 2115
1503 2082
1504 2018
1505 763
1615 1172
1616 2274
1617 2617
1618 2398
1619 2450
1620 2205
1621 2448
1622 2350
1623 2340
1624 2268
1625 2250
1626 902
1736 1213
1737 2347
1738 2410
1739 2293
1740 2148
1741 1838
1742 2267
1743 2391
1744 2323
1745 2323
1746 2375
1747 1046
1857 1146
1858 2271
1859 2392
1860 2383
1861 2416
1862 1951
1863 2279
1864 2539
1865 2524
1866 2580
1867 2426
1868 1254
1978 1150
1979 2264
1980 2377
1981 2424
1982 2493
1983 2053
1984 2407
1985 2705
1986 2726
1987 2583
1988 2551
1989 1254
2099 287
2100 806
2101 771
2102 782
2103 724
2104 544
2105 677
2106 677
2107 644
2108 553
2109 500
2110 167
647 36
648 89
649 65
650 41
651 18
652 0
653 0
654 0
655 0
656 0
657 0
658 0
768 720
769 1534
770 1523
771 1601
772 1629
773 1417
774 1517
775 1521
776 1498
777 1438
778 1330
779 429
889 769
890 1543
891 1638
892 1643
893 1750
894 1438
895 1642
896 1717
897 1727
898 1759
899 1585
900 584
