10236 0
10237 609
10238 709
10239 683
10240 848
10241 818
10242 684
10243 786
10244 929
10245 807
10246 822
10247 721
10248 0
10357 0
10358 1036
10359 1183
10360 1289
10361 1355
10362 1324
10363 1290
10364 1545
10365 1597
10366 1612
10367 1454
10368 1618
10369 0
10478 0
10479 1062
10480 1297
10481 1229
10482 1302
10483 1499
10484 1217
10485 1510
10486 1541
10487 1502
10488 1493
10489 1675
10490 0
10599 0
10600 1138
10601 1280
10602 1284
10603 1375
10604 1489
10605 1152
10606 1380
10607 1464
10608 1513
10609 1640
10610 1648
10611 0
10720 0
10721 1245
10722 1365
10723 1271
10724 1324
10725 1417
10726 1247
10727 1385
10728 1557
10729 1547
10730 1628
10731 1628
10732 0
10841 0
10842 975
10843 1143
10844 1052
10845 1094
10846 1170
10847 905
10848 1092
10849 1174
10850 1115
10851 1140
10852 1087
10853 0
10962 0
10963 1043
10964 1301
10965 1276
10966 1257
10967 1303
10968 1059
10969 915
10970 992
10971 1154
10972 1313
10973 1077
10974 0
11083 0
11084 1080
11085 1212
11086 1282
11087 1346
11088 1265
11089 1067
11090 1015
11091 1085
11092 1173
11093 1157
11094 1010
11095 0
11204 0
11205 1106
11206 1321
11207 1282
11208 1321
11209 1334
11210 1038
11211 1094
11212 1079
11213 1248
11214 1047
11215 975
11216 0
11325 0
11326 1070
11327 1096
11328 1189
11329 1172
11330 1101
11331 1289
11332 982
11333 1039
11334 1024
11335 944
11336 958
11337 0
11446 0
11447 786
11448 915
11449 858
11450 848
11451 799
11452 676
11453 740
11454 854
11455 792
11456 799
11457 736
11458 0
11567 0
11568 0
11569 0
11570 0
11571 0
11572 0
11573 0
11574 0
11575 0
11576 0
11577 0
11578 0
11579 0
