5294 104
5295 555
5296 481
5297 463
5298 408
5299 435
5300 318
5301 340
5302 232
5303 212
5304 208
5305 67
5415 693
5416 2259
5417 2337
5418 2247
5419 2318
5420 2417
5421 1812
5422 2162
5423 2024
5424 2073
5425 1876
5426 987
5536 747
5537 2320
5538 2258
5539 2276
5540 2239
5541 2252
5542 1962
5543 2163
5544 2068
5545 1944
5546 1843
5547 967
5657 856
5658 2328
5659 2427
5660 2310
5661 2300
5662 2254
5663 1924
5664 2320
5665 2165
5666 2024
5667 1961
5668 916
5778 787
5779 2267
5780 2260
5781 2210
5782 2141
5783 2214
5784 1924
5785 2252
5786 2296
5787 2011
5788 1933
5789 977
5899 625
5900 1933
5901 1904
5902 1915
5903 1855
5904 1914
5905 1496
5906 1998
5907 1719
5908 1743
5909 1589
5910 806
6020 753
6021 1999
6022 2015
6023 2136
6024 2175
6025 2003
6026 1261
6027 1899
6028 1715
6029 1680
6030 1576
6031 961
6141 726
6142 2100
6143 2108
6144 1931
6145 2160
6146 2146
6147 1228
6148 1713
6149 1819
6150 1799
6151 1604
6152 1015
6262 691
6263 2097
6264 2070
6265 1873
6266 2007
6267 2251
6268 1187
6269 1545
6270 1640
6271 1731
6272 1595
6273 923
6383 732
6384 1953
6385 1959
6386 2081
6387 2015
6388 2066
6389 1258
6390 1540
6391 1615
6392 1645
6393 1448
6394 982
6504 296
6505 1065
6506 1222
6507 1171
6508 1173
6509 1212
6510 666
6511 983
6512 956
6513 827
6514 792
6515 463
6625 0
6626 0
6627 0
6628 0
6629 0
6630 0
6631 0
6632 0
6633 0
6634 0
6635 0
6636 0
