12778 0
12779 855
12780 752
12781 769
12782 793
12783 779
12784 635
12785 836
12786 858
12787 830
12788 817
12789 719
12790 0
12899 16
12900 1161
12901 1377
12902 1240
12903 1378
12904 1340
12905 1181
12906 1614
12907 1550
12908 1566
12909 1583
12910 1391
12911 0
13020 36
13021 1273
13022 1188
13023 1233
13024 1406
13025 1436
13026 1167
13027 1518
13028 1520
13029 1625
13030 1587
13031 1329
13032 0
13141 75
13142 1301
13143 1351
13144 1243
13145 1281
13146 1479
13147 1159
13148 1549
13149 1623
13150 1541
13151 1649
13152 1376
13153 0
13262 84
13263 1381
13264 1188
13265 1225
13266 1274
13267 1192
13268 978
13269 1331
13270 1347
13271 1642
13272 1668
13273 1390
13274 0
13383 36
13384 1233
13385 1414
13386 1153
13387 1180
13388 1088
13389 958
13390 1280
13391 1219
13392 1338
13393 1564
13394 1122
13395 0
13504 0
13505 1435
13506 1448
13507 1364
13508 1405
13509 1361
13510 1180
13511 1380
13512 1501
13513 1607
13514 1782
13515 1562
13516 0
13625 0
13626 1420
13627 1460
13628 1313
13629 1287
13630 1396
13631 1147
13632 1338
13633 1368
13634 1528
13635 1535
13636 1330
13637 0
13746 0
13747 1309
13748 1225
13749 1276
13750 1275
13751 1312
13752 1166
13753 1431
13754 1536
13755 1429
13756 1598
13757 1327
13758 0
13867 0
13868 1232
13869 1335
13870 1241
13871 1318
13872 1424
13873 1144
13874 1437
13875 1611
13876 1506
13877 1494
13878 1361
13879 0
13988 0
13989 940
13990 1013
13991 985
13992 1050
13993 989
13994 797
13995 905
13996 961
13997 980
13998 1017
13999 830
14000 0
14109 0
14110 0
14111 0
14112 0
14113 0
14114 0
14115 0
14116 0
14117 0
14118 0
14119 0
14120 0
14121 0
