7600 282
7601 626
7602 500
7603 424
7604 457
7605 381
7606 338
7607 336
7608 274
7609 251
7610 225
7611 47
7721 1026
7722 1859
7723 1744
7724 1728
7725 1630
7726 1446
7727 1736
7728 1536
7729 1435
7730 1403
7731 1375
7732 461
7842 1077
7843 1797
7844 1968
7845 2034
7846 1802
7847 1500
7848 1760
7849 1445
7850 1433
7851 1269
7852 1380
7853 497
7963 1111
7964 1980
7965 2154
7966 2012
7967 1989
7968 1599
7969 1532
7970 1467
7971 1524
7972 1481
7973 1377
7974 514
8084 1084
8085 2083
8086 2012
8087 1808
8088 1837
8089 1588
8090 1573
8091 1505
8092 1413
8093 1429
8094 1375
8095 445
8205 897
8206 1828
8207 1715
8208 1608
8209 1720
8210 1436
8211 1231
8212 1222
8213 1115
8214 1103
8215 1093
8216 337
8326 993
8327 1973
8328 1995
8329 1849
8330 1767
8331 1417
8332 1361
8333 1272
8334 1230
8335 1134
8336 1120
8337 426
8447 890
8448 1961
8449 2129
8450 2019
8451 2124
8452 1439
8453 1326
8454 1308
8455 1235
8456 1205
8457 1078
8458 446
8568 984
8569 1954
8570 1843
8571 1864
8572 1808
8573 1247
8574 1259
8575 1283
8576 1229
8577 1163
8578 1168
8579 403
8689 1075
8690 2107
8691 1966
8692 1845
8693 1787
8694 1257
8695 1172
8696 1153
8697 1161
8698 1146
8699 1127
8700 424
8810 350
8811 747
8812 722
8813 679
8814 628
8815 455
8816 475
8817 422
8818 407
8819 346
8820 462
