2812 48
2813 93
2814 70
2815 42
2816 10
2817 0
2818 254
2819 229
2820 192
2821 141
2822 81
2823 32
2933 578
2934 1665
2935 1713
2936 1706
2937 1764
2938 1750
2939 1998
2940 2351
2941 2582
2942 2599
2943 2713
2944 1282
3054 637
3055 1676
3056 1713
3057 1843
3058 1786
3059 1750
3060 2069
3061 2547
3062 2361
3063 2710
3064 2659
3065 1298
3175 682
3176 1836
3177 1774
3178 1855
3179 1765
3180 1883
3181 2076
3182 2410
3183 2492
3184 2749
3185 2763
3186 1262
3296 729
3297 1853
3298 1776
3299 1763
3300 1862
3301 1723
3302 2159
3303 2626
3304 2667
3305 2726
3306 2935
3307 1338
3417 722
3418 1795
3419 1733
3420 1728
3421 1964
3422 1873
3423 2146
3424 2806
3425 2812
3426 2827
3427 3009
3428 1368
3538 766
3539 1846
3540 1928
3541 2008
3542 2046
3543 1999
3544 2074
3545 2348
3546 2462
3547 2529
3548 2591
3549 1159
3659 810
3660 2143
3661 2283
3662 2326
3663 2461
3664 2350
3665 2558
3666 2835
3667 2879
3668 2858
3669 3044
3670 1376
3780 971
3781 1934
3782 2147
3783 2495
3784 2237
3785 2389
3786 2477
3787 2973
3788 2982
3789 3130
3790 3173
3791 1460
3901 713
3902 1945
3903 2158
3904 2368
3905 2551
3906 2550
3907 2577
3908 2920
3909 3003
3910 3189
3911 3284
3912 1408
4022 792
4023 1987
4024 2272
4025 2611
4026 2398
4027 2575
4028 2680
4029 2863
4030 2910
4031 3262
4032 3044
4033 1368
4143 781
4144 2162
4145 2342
4146 2634
4147 2665
4148 2616
4149 2494
4150 3056
4151 2931
4152 2959
4153 3191
4154 1493
4264 517
4265 1408
4266 1544
4267 1826
4268 1688
4269 1628
4270 1599
4271 1802
4272 1587
4273 1682
4274 1702
4275 877
4385 0
4386 0
4387 0
4388 0
4389 0
4390 0
4391 0
4392 0
4393 0
4394 0
4395 0
4396 0
