2871 0
2872 0
2873 0
2874 0
2875 0
2876 0
2877 0
2878 0
2879 0
2880 0
2881 0
2882 0
2883 0
2992 0
2993 1483
2994 1668
2995 1595
2996 1604
2997 1441
2998 1129
2999 1325
3000 1209
3001 1216
3002 1135
3003 939
3004 5
3113 0
3114 1802
3115 2072
3116 1936
3117 1972
3118 1858
3119 1512
3120 1681
3121 1752
3122 1751
3123 1652
3124 1588
3125 1
3234 0
3235 1722
3236 1969
3237 1917
3238 1986
3239 1959
3240 1636
3241 1869
3242 1847
3243 1880
3244 1770
3245 1708
3246 0
3355 0
3356 1861
3357 2071
3358 2178
3359 1979
3360 2004
3361 1612
3362 1892
3363 1945
3364 1981
3365 1885
3366 1852
3367 0
3476 0
3477 1809
3478 1985
3479 1996
3480 2044
3481 1900
3482 1590
3483 1866
3484 1929
3485 1966
3486 2058
3487 2005
3488 0
3597 0
3598 1522
3599 1657
3600 1668
3601 1648
3602 1641
3603 1299
3604 1346
3605 1275
3606 1336
3607 1478
3608 1328
3609 0
3718 0
3719 1740
3720 1827
3721 1767
3722 1807
3723 1887
3724 1661
3725 1660
3726 1604
3727 1604
3728 1652
3729 1443
3730 0
3839 0
3840 1829
3841 1850
3842 1874
3843 1903
3844 1823
3845 1586
3846 1586
3847 1671
3848 1923
3849 1673
3850 1487
3851 0
3960 0
3961 1768
3962 2029
3963 1974
3964 1960
3965 1905
3966 1618
3967 1660
3968 1660
3969 1678
3970 1760
3971 1443
3972 0
4081 0
4082 1834
4083 1972
4084 1906
4085 2072
4086 1924
4087 1727
4088 1565
4089 1761
4090 1692
4091 1531
4092 1412
4093 0
4202 0
4203 185
4204 173
4205 154
4206 162
4207 153
4208 183
4209 219
4210 247
4211 214
4212 170
4213 162
4214 0
