8174 323
8175 809
8176 635
8177 648
8178 747
8179 612
8180 938
8181 1043
8182 772
8183 873
8184 817
8185 347
8295 810
8296 1416
8297 1294
8298 1338
8299 1630
8300 1428
8301 2175
8302 2360
8303 2160
8304 2137
8305 2162
8306 995
8416 657
8417 1176
8418 1284
8419 1470
8420 1519
8421 1395
8422 2181
8423 2585
8424 2453
8425 2422
8426 2178
8427 784
8537 831
8538 1537
8539 1455
8540 1434
8541 1656
8542 1305
8543 2215
8544 2519
8545 2580
8546 2670
8547 2506
8548 923
8658 1064
8659 1806
8660 1295
8661 1345
8662 1453
8663 1419
8664 2250
8665 2441
8666 2540
8667 2467
8668 2475
8669 1065
8779 1044
8780 1899
8781 1784
8782 1310
8783 1552
8784 1199
8785 1787
8786 2269
8787 2213
8788 2356
8789 2433
8790 928
8900 1362
8901 2995
8902 2810
8903 2210
8904 2173
8905 1961
8906 2244
8907 2469
8908 2526
8909 2635
8910 2587
8911 1058
9021 1362
9022 3032
9023 2883
9024 2920
9025 2666
9026 2419
9027 2316
9028 2474
9029 2453
9030 2613
9031 2430
9032 1049
9142 1323
9143 2978
9144 2914
9145 2747
9146 2812
9147 2446
9148 2390
9149 2483
9150 2474
9151 2915
9152 2484
9153 968
9263 1119
9264 2787
9265 2834
9266 2766
9267 2701
9268 2310
9269 2475
9270 2596
9271 2450
9272 2563
9273 2504
9274 1095
9384 1066
9385 2793
9386 2880
9387 2599
9388 2613
9389 2423
9390 2314
9391 2424
9392 2438
9393 2409
9394 2401
9395 1061
9505 71
9506 157
9507 135
9508 116
9509 65
9510 36
9511 7
9512 0
9513 0
9514 0
9515 0
9516 0
