4146 0
4147 0
4148 0
4149 0
4150 0
4151 0
4152 0
4153 0
4154 0
4155 0
4156 0
4157 0
4158 0
4267 0
4268 2356
4269 2676
4270 2759
4271 2805
4272 2739
4273 2268
4274 2721
4275 2670
4276 2594
4277 2328
4278 2031
4279 0
4388 0
4389 2599
4390 3244
4391 3474
4392 3550
4393 3719
4394 3234
4395 3826
4396 3859
4397 3859
4398 3649
4399 3546
4400 0
4509 0
4510 3183
4511 3315
4512 3530
4513 3679
4514 3851
4515 3223
4516 3838
4517 3815
4518 3756
4519 3948
4520 3272
4521 0
4630 0
4631 3240
4632 3336
4633 3453
4634 3628
4635 3768
4636 3218
4637 3692
4638 3804
4639 3786
4640 3864
4641 3442
4642 0
4751 0
4752 3199
4753 3543
4754 3471
4755 3731
4756 3517
4757 3309
4758 3726
4759 3969
4760 3941
4761 4132
4762 3703
4763 0
4872 0
4873 3289
4874 3350
4875 3517
4876 3740
4877 3703
4878 3209
4879 3758
4880 3822
4881 3959
4882 4040
4883 3777
4884 0
4993 0
4994 2902
4995 3086
4996 3128
4997 3120
4998 3204
4999 2502
5000 2512
5001 2446
5002 2671
5003 2688
5004 2330
5005 0
5114 0
5115 3356
5116 3352
5117 3412
5118 3351
5119 3101
5120 2846
5121 3156
5122 3250
5123 3341
5124 3365
5125 3097
5126 0
5235 0
5236 3352
5237 3450
5238 3568
5239 3467
5240 3245
5241 2807
5242 3131
5243 3292
5244 3454
5245 3460
5246 3096
5247 0
5356 0
5357 3313
5358 3585
5359 3544
5360 3619
5361 3736
5362 3032
5363 3199
5364 3012
5365 3235
5366 3370
5367 3080
5368 0
5477 0
5478 3202
5479 3588
5480 3633
5481 3680
5482 3733
5483 3068
5484 3215
5485 3056
5486 2779
5487 3249
5488 3220
5489 0
5598 0
5599 3083
5600 3372
5601 3117
5602 3102
5603 3412
5604 2845
5605 3081
5606 2964
5607 2926
5608 3031
5609 2756
5610 0
5719 0
5720 0
5721 0
5722 0
5723 0
5724 0
5725 0
5726 0
5727 0
5728 0
5729 0
5730 0
5731 0
