5394 265
5395 1397
5396 1368
5397 1266
5398 1114
5399 1083
5400 966
5401 1195
5402 1159
5403 1024
5404 933
5405 577
5406 0
5515 674
5516 2546
5517 2641
5518 2379
5519 2412
5520 2306
5521 2154
5522 2784
5523 2714
5524 2501
5525 2268
5526 1559
5527 0
5636 635
5637 2336
5638 2605
5639 2437
5640 2390
5641 2291
5642 2014
5643 2782
5644 2698
5645 2594
5646 2356
5647 1490
5648 0
5757 701
5758 2503
5759 2357
5760 2182
5761 2075
5762 2253
5763 2100
5764 2596
5765 2645
5766 2522
5767 2472
5768 1717
5769 0
5878 672
5879 2353
5880 2116
5881 2235
5882 2146
5883 2180
5884 1908
5885 2653
5886 2629
5887 2557
5888 2408
5889 1718
5890 0
5999 670
6000 2513
6001 2212
6002 2222
6003 2067
6004 2107
6005 1641
6006 2090
6007 2104
6008 2170
6009 2201
6010 1382
6011 0
6120 628
6121 3140
6122 2937
6123 2772
6124 2567
6125 2657
6126 2037
6127 2508
6128 2513
6129 2414
6130 2470
6131 1669
6132 0
6241 572
6242 3021
6243 2800
6244 2831
6245 2663
6246 2542
6247 2117
6248 2618
6249 2483
6250 2258
6251 2462
6252 1666
6253 0
6362 461
6363 2968
6364 2729
6365 2668
6366 2625
6367 2488
6368 2145
6369 2484
6370 2430
6371 2295
6372 2458
6373 1644
6374 0
6483 436
6484 2597
6485 2596
6486 2483
6487 2393
6488 2374
6489 1986
6490 2361
6491 2309
6492 2449
6493 2423
6494 1623
6495 0
6604 421
6605 2372
6606 2111
6607 2111
6608 2106
6609 2072
6610 1661
6611 1978
6612 1889
6613 2083
6614 2077
6615 1333
6616 0
6725 0
6726 0
6727 0
6728 0
6729 0
6730 0
6731 0
6732 0
6733 0
6734 0
6735 0
6736 0
6737 0
