3451 0
3452 0
3453 0
3454 0
3455 0
3456 0
3457 0
3458 0
3459 0
3460 0
3461 0
3462 0
3463 0
3572 0
3573 2808
3574 3092
3575 2910
3576 2885
3577 2775
3578 1824
3579 1735
3580 1649
3581 1574
3582 1452
3583 1479
3584 182
3693 0
3694 3612
3695 3803
3696 3485
3697 3580
3698 3768
3699 2574
3700 2807
3701 2786
3702 2760
3703 2545
3704 2555
3705 273
3814 0
3815 3615
3816 3865
3817 3373
3818 3697
3819 3713
3820 2687
3821 2892
3822 2907
3823 2708
3824 2658
3825 2526
3826 248
3935 0
3936 3941
3937 4161
3938 3705
3939 3582
3940 3858
3941 2583
3942 2923
3943 2924
3944 2506
3945 2341
3946 2368
3947 277
4056 0
4057 4269
4058 4274
4059 4261
4060 3809
4061 3827
4062 2640
4063 2948
4064 2838
4065 2587
4066 2376
4067 2580
4068 259
4177 0
4178 2838
4179 3207
4180 2978
4181 2880
4182 2898
4183 1981
4184 2683
4185 2365
4186 2375
4187 2413
4188 2200
4189 229
4298 0
4299 3156
4300 4006
4301 3403
4302 3275
4303 3093
4304 2599
4305 2990
4306 2855
4307 2815
4308 2895
4309 2804
4310 239
4419 0
4420 3104
4421 3775
4422 3539
4423 3277
4424 3018
4425 2581
4426 3029
4427 2989
4428 3002
4429 2957
4430 2840
4431 238
4540 0
4541 2875
4542 3605
4543 3626
4544 3211
4545 3119
4546 2579
4547 2943
4548 2938
4549 2996
4550 2853
4551 2815
4552 250
4661 0
4662 2780
4663 3480
4664 3385
4665 3094
4666 3120
4667 2589
4668 2985
4669 2935
4670 2816
4671 2950
4672 2797
4673 272
4782 0
4783 2502
4784 3503
4785 3219
4786 2877
4787 2829
4788 2377
4789 2714
4790 2415
4791 2278
4792 2265
4793 2190
4794 230
4903 0
4904 0
4905 0
4906 0
4907 0
4908 0
4909 0
4910 0
4911 0
4912 0
4913 0
4914 0
4915 0
