6112 0
6113 0
6114 0
6115 0
6116 0
6117 0
6118 0
6119 0
6120 0
6121 0
6122 0
6123 0
6233 1629
6234 3383
6235 3348
6236 3190
6237 2727
6238 2330
6239 2279
6240 2168
6241 2152
6242 2160
6243 1889
6244 628
6354 2292
6355 4333
6356 4015
6357 3911
6358 3644
6359 3060
6360 3244
6361 3038
6362 3160
6363 3197
6364 2913
6365 911
6475 2193
6476 4167
6477 3820
6478 3585
6479 3385
6480 3079
6481 3345
6482 3149
6483 3113
6484 2938
6485 2809
6486 831
6596 2170
6597 3879
6598 3650
6599 3563
6600 3278
6601 3030
6602 3524
6603 3353
6604 3283
6605 2877
6606 2605
6607 787
6717 2051
6718 4055
6719 3706
6720 3501
6721 3258
6722 2663
6723 3115
6724 3054
6725 3162
6726 2871
6727 2386
6728 727
6838 2092
6839 3446
6840 3329
6841 3187
6842 2845
6843 2335
6844 2477
6845 2572
6846 2687
6847 2480
6848 1841
6849 754
6959 2374
6960 4253
6961 3947
6962 3681
6963 3222
6964 2665
6965 2726
6966 2681
6967 2774
6968 2798
6969 2314
6970 503
7080 2463
7081 4205
7082 3947
7083 3645
7084 3264
7085 2291
7086 2597
7087 2480
7088 2728
7089 2655
7090 2553
7091 729
7201 2345
7202 4066
7203 3932
7204 3385
7205 3217
7206 1778
7207 2717
7208 2447
7209 2398
7210 2526
7211 2666
7212 756
7322 2161
7323 3691
7324 3536
7325 3520
7326 3142
7327 2434
7328 2908
7329 2485
7330 2469
7331 2693
7332 2801
7333 824
7443 1715
7444 2938
7445 2943
7446 2767
7447 3029
7448 2571
7449 2820
7450 2421
7451 2408
7452 2354
7453 2177
7454 655
7564 0
7565 0
7566 0
7567 0
7568 0
7569 0
7570 0
7571 0
7572 0
7573 0
7574 0
7575 0
