1857 0
1858 0
1859 0
1860 0
1861 0
1862 0
1863 0
1864 0
1865 0
1866 0
1867 0
1868 0
1869 0
1978 172
1979 1299
1980 1274
1981 1251
1982 1287
1983 1215
1984 1558
1985 2129
1986 2099
1987 1987
1988 1864
1989 1569
1990 0
2099 209
2100 1954
2101 1960
2102 1934
2103 1951
2104 1644
2105 2230
2106 2987
2107 2846
2108 2754
2109 2837
2110 2176
2111 0
2220 312
2221 1969
2222 2115
2223 2015
2224 1858
2225 2126
2226 2261
2227 2982
2228 2863
2229 2875
2230 2772
2231 2210
2232 0
2341 338
2342 2021
2343 2102
2344 2040
2345 2032
2346 1917
2347 2110
2348 2831
2349 3077
2350 3240
2351 3144
2352 2202
2353 0
2462 377
2463 2161
2464 2056
2465 2084
2466 2035
2467 2064
2468 2493
2469 2827
2470 2921
2471 3085
2472 3230
2473 2240
2474 0
2583 405
2584 2174
2585 2210
2586 2101
2587 2453
2588 2360
2589 2095
2590 2713
2591 2583
2592 2769
2593 2754
2594 2199
2595 0
2704 376
2705 2638
2706 2844
2707 2813
2708 2862
2709 3173
2710 2695
2711 3248
2712 3000
2713 3394
2714 3192
2715 2376
2716 0
2825 350
2826 2827
2827 2922
2828 2896
2829 2924
2830 3144
2831 2797
2832 3263
2833 3280
2834 3286
2835 3179
2836 2491
2837 0
2946 336
2947 2679
2948 2735
2949 2828
2950 2902
2951 3235
2952 2879
2953 3326
2954 3282
2955 3189
2956 3483
2957 2493
2958 0
3067 331
3068 3020
3069 3018
3070 3148
3071 3220
3072 3238
3073 2849
3074 3450
3075 3223
3076 3369
3077 3747
3078 2689
3079 0
3188 309
3189 3083
3190 3121
3191 3269
3192 3257
3193 3428
3194 2914
3195 3190
3196 3413
3197 3720
3198 3734
3199 2772
3200 0
3309 196
3310 1754
3311 1732
3312 1793
3313 1687
3314 1716
3315 1490
3316 1525
3317 1441
3318 1577
3319 1678
3320 1250
3321 0
3430 0
3431 0
3432 0
3433 0
3434 0
3435 0
3436 0
3437 0
3438 0
3439 0
3440 0
3441 0
3442 0
