2882 0
2883 0
2884 0
2885 0
2886 0
2887 0
2888 0
2889 0
2890 0
2891 0
2892 0
2893 0
3003 453
3004 1279
3005 1218
3006 1087
3007 1152
3008 1346
3009 1061
3010 978
3011 1023
3012 947
3013 892
3014 321
3124 629
3125 1506
3126 1480
3127 1499
3128 1375
3129 2518
3130 1673
3131 1627
3132 1631
3133 1504
3134 1444
3135 477
3245 588
3246 1711
3247 1801
3248 1654
3249 1542
3250 1393
3251 1609
3252 1655
3253 1577
3254 1454
3255 1545
3256 553
3366 807
3367 1944
3368 1872
3369 1738
3370 1593
3371 1601
3372 1602
3373 1602
3374 1481
3375 1362
3376 1362
3377 520
3487 801
3488 1841
3489 1909
3490 1785
3491 1728
3492 1438
3493 1803
3494 1683
3495 1579
3496 1468
3497 1394
3498 509
3608 929
3609 1782
3610 1852
3611 2097
3612 1892
3613 1538
3614 1604
3615 1515
3616 1444
3617 1345
3618 1363
3619 500
3729 1025
3730 2087
3731 2256
3732 2230
3733 2185
3734 1777
3735 1857
3736 1797
3737 1863
3738 1629
3739 1437
3740 564
3850 958
3851 2049
3852 2114
3853 2104
3854 2098
3855 1719
3856 1822
3857 1943
3858 1792
3859 1676
3860 1573
3861 614
3971 916
3972 1956
3973 2113
3974 2027
3975 2192
3976 1780
3977 1869
3978 1848
3979 1830
3980 1633
3981 1788
3982 615
4092 797
4093 1877
4094 1692
4095 1686
4096 1781
4097 1535
4098 1586
4099 1556
4100 1491
4101 1419
4102 1424
4103 548
4213 0
4214 0
4215 0
4216 0
4217 0
4218 0
4219 0
4220 0
4221 0
4222 0
4223 0
4224 0
