6395 118
6396 829
6397 772
6398 855
6399 860
6400 713
6401 664
6402 618
6403 653
6404 621
6405 709
6406 411
6407 0
6516 286
6517 1474
6518 1372
6519 1387
6520 1358
6521 1251
6522 1107
6523 1238
6524 1255
6525 1293
6526 1394
6527 973
6528 0
6637 275
6638 1480
6639 1444
6640 1478
6641 1411
6642 1373
6643 1103
6644 1260
6645 1257
6646 1298
6647 1331
6648 946
6649 0
6758 328
6759 1442
6760 1554
6761 1498
6762 1553
6763 1361
6764 1040
6765 1263
6766 1223
6767 1222
6768 1414
6769 886
6770 0
6879 340
6880 1459
6881 1541
6882 1427
6883 1346
6884 1194
6885 911
6886 1234
6887 1204
6888 1214
6889 1296
6890 898
6891 0
7000 290
7001 1246
7002 1279
7003 1263
7004 1268
7005 1157
7006 922
7007 1108
7008 1165
7009 1204
7010 1213
7011 825
7012 0
7121 251
7122 1494
7123 1519
7124 1453
7125 1366
7126 1219
7127 1001
7128 1340
7129 1276
7130 1356
7131 1370
7132 932
7133 0
7242 197
7243 1392
7244 1385
7245 1384
7246 1298
7247 1247
7248 1063
7249 1254
7250 1270
7251 1265
7252 1398
7253 1007
7254 0
7363 258
7364 1445
7365 1338
7366 1314
7367 1149
7368 1226
7369 981
7370 1212
7371 1280
7372 1218
7373 1231
7374 909
7375 0
7484 229
7485 1273
7486 1244
7487 1283
7488 1048
7489 1209
7490 960
7491 1120
7492 1138
7493 1193
7494 1139
7495 819
7496 0
7605 0
7606 0
7607 0
7608 0
7609 0
7610 0
7611 0
7612 0
7613 0
7614 0
7615 0
7616 0
7617 0
